29252 50 40090215001000423321175115131009809307101071680151117
2252001206701710010146090005021045013    110                      00380031
2252002208003309009111075004014027002    112                      00260021
2252003208103813212166120006018070055004 123                      00840070
2252004209905012111156100001020075040001 118                      00600049
2252005211002309709120080002013033010    120                      00320026
2252006218401309809122080010024038012    132                      00330027
2252007218500908108086055007014016       110                      00170013
2252008218601906707091055006011005       112                      00120009
2252009219604016715199105002017080060025 138                      01110092
2252010220303717816247140005026110095045 220                      01690140
2252011220904910910150090006020045024001 128                      00450037
2252012222703909509109075002020034004    112                      00290024
2252013223003910911140100002030042023    110                      00500041
2252014223300806306091046004013002       110                      00090007
2252015223803014313182100006016065042009 120                      00800066
2252016326100609008113055008016022006    138                      00170014
2252017229003706006080050013017001       112                      00090007
2252018234700109309109075007013030005    122                      00280023
2252019234700719617242100007012070050030 230                      01410117
2252020241503514013185100002007065050007 222                      00760062
2252021243202726622334160009029130110080 358                      03940331
2252022246402614713192105007017075041010 120                      00890073
2252023247302420318250150003026120090045 337                      02290191
2252024201006019017258130003028100080030 230                      01760146
2252025202705407808103055005016015001    010                      00160013
2252026204408734826407170009029150130100 360                      06710573
2252027206905510210135080002009040018    122                      00350028
2252028207005912811183110004011080040005 110                      00720060
2252029209009921318316120000022100090050 290                      01970164
2252030209607609609127085010019035007    062                      00330027
2252031210108210110149110016060050013    010                      00500041
2252032210108905906075055010024000       010                      00090007
2252033210706511010143115002027050025    112                      00590049
2252034210806312512156120018035075050002 122                      00780064
2252035211608209209121090008025038008    012                      00330027
2252036212007310110153090007026040013002 122                      00390032
2252037212207405506074050002015          110                      00070006
2252038213808513512185095006035055035006 122                      00710059
2252039217108322719322160006034130105070 130     050              03010253
2252040218007623119309150004017125100070 230     050              02840239
2252041221010020318258160003024130110075 120     050              02460205
2252042223108814313181115004036060045010 122                      00950078
2252043224507009211129070002008030010    110                      00250020
2252044224705407407093060004019012       010                      00150012
2252045325005925021295110010045080075048 382                      02380201
2252046226209820718302150001014120095050 230                      02340195
2252047227808006306077045002010001       110                      00090007
2252048229708121318271160010021120105070 230  042060              02660223
2252049229808410910155075004009033020001 120                      00370030
2252050231307623019311150006022120100065 330                      02830238
2252051234909005806076041002007001       019                      00070006
2252052238808512612182095008023050035005 120                      00610050
2252053239407707808105055007018015001    110                      00160013
2252054239409906507080040007010002       112                      00090007
2252055241007908308118060001013021001    112                      00190015
2252056242109307407090060003010012       122                      00150012
2252057243508713512187100004025050030008 222                      00730061
2252058243807205906077040004004002       112                      00070006
2252059245907322119296135003040110085050 343                      02420202
2252060248706513512208095001020055043007 158                      00690057
2252061205810506406078044006014001       018                      00090007
2252062206012517816225125001015095070036 120                      01480122
2252063212012117412209100003023080065030 120                      01150099
2252064212811724620323145003020115100070 340                      03070258
2252065214211511511141095012050050030    111                      00540044
2252066214310714013186095004020055040003 120                      00740061
2252067214613015014185105003028060050013 122                      00930077
2252068216114316114212135003012070050018 122                      01350112
2252069218014519917252140002014110080037 220                      02030169
2252070321214712011238095030042047024011 237                      00500042
2252071222213609009121060002012030010    115                      00220017
2252072224315007716103060001006018002    110                      00160010
2252073232412507908100043002010017001    159                      00130011
2252074235311206807083045001004004       112                      00100008
2252075237912111910165085001010042030002 122                      00490041
2252076243312315714196110006034080050020 220                      01070088
2252077243912213012180070006016038028002 230                      00490040
2252078246010512111161105011017055038002 120                      00630052
2252079246513407307102060004007010001    110                      00140012
2252080147013828431349150019045130120090 460     047              04470385
2252081205017317816252105002017085055032 220                      01250103
2252082210818520017251130003015110080037 220                      01890158
2252083216116510710117080004010034015    122                      00380031
2252084216119712311150095007046046030001 122                      00610050
2252085216818410110130090004016030013    112                      00390031
2252086217516612812154095004031055035002 110                      00640052
2252087224517024820352150021021120105085 590                      03230272
2252088227919707207100055005007009001    010                      00130011
2252089229318914213191105002015070046011 120                      00830068
2252090231917816515215115004012080060032 230                      01180098
2252091232916617415216115007014085055017 130                      01300108
2252092234918218516241130004015100070041 120                      01650137
2252093344817406206081040005005010       259                      00060005
2252094244917309711140060003013030010    110                      00250020
2252095248916107708105050005010015001    112                      00140011
2252096249115007207092050004013010       128                      00120010
2252097200221417015222115010020080055028 220                      01260105
2252098201623808008097055006014020       112                      00160013
2252099203321327822321190000025165150100 230  050080              05120434
2252100204320807207095050001004010       122                      00120010
2252101207223015414220130001015100060022 120                      01200099
2252102209323706406072030005009          010                      00070006
2252103214423405906079042008011002       120                      00080006
2252104215820019615281135004010105090045 130                      01890160
2252105216524614213172110004017080040008 110                      00870072
2252106218322518816251125002025100070038 230                      01650138
2252107219024509709116075008032040010    110                      00310026
2252108319321411010121085042042043018    277                      00380032
2252109219523916915212125007035075055025 110                      01380115
2252110221224423019292140006043110090055 221     047              02700227
2252111221422319617224130004015105085050 130                      01830152
2252112223623731524377160003019130115100 330     060              05230445
2252113327421526222322150020024125105075 370                      03430292
2252114231123219121245095009020070060032 343                      01300103
2252115232023617015212115016022075050023 130                      01260105
2252116232924510810143075020060037025    122                      00400033
2252117233620126221311150006012130110080 240     050              03510296
2252118239020708108118055006012022003    112                      00170013
2252119241621313212173095002006055037002 120                      00650054
2252120242322307307095045009016010       012                      00120010
2252121242422506507090032004007005       120                      00080006
2252122244924507207105060006010012001    112                      00140011
2252123247925021918281130001017105090050 230                      02220187
2252124149323030633385150007055125115090 364     055              05260454
2252125149623107610090075004032013       140                      00190015
2252126203025716014240120003029090060027 232                      01200100
2252127223128807007089045005009008       112                      00110009
2252128204925707808102050003005016001    112                      00140011
2252129209026116915209135004011100085032 120                      01460121
2252130209328016415211135000026090075021 230                      01410117
2252131212226018716254120001034100075030 231                      01590132
2252132212729614913205110007024080055013 220                      00960080
2252133214129318211212125009019095085036 230                      01550135
2252134214528317015210120001021080055025 528                      01320109
2252135217725612712174100001014048030002 232                      00650053
2252136219229512211152105008027065030001 120                      00640053
2252137220028606306080034005009002       010                      00080006
2252138220626006807074050003010          129                      00110009
2252139220726007007102055004011007001    112                      00130010
2252140223026013813178105003019065030003 120                      00790065
2252141227628307508102050002008013001    112                      00130011
2252142227928507608087050003013014       018                      00140011
2252143228029508708106070004013025001    112                      00230019
2252144229127205506075042003010000       012                      00070005
2252145229529811210152080002033034018001 123                      00430036
2252146232325415114191065001010040025013 230                      00610050
2252147236328427022373190012015160150090 350     070              04830407
2252148237129908408097085005009034       129                      00260021
2252149237229821718280145009025120100065 230  045                 02480208
2252150243927713512180105007011070040003 120                      00750062
2252151245126905706077030002007001       012                      00060005
2252152246325611811147090004010050025    120                      00510042
2252153246329314215163100002023055033012 238                      00800064
2252154249129113913180095004019060031007 120                      00730060
2252155249927916715219130005018090075030 120                      01380115
2252156201232809009125080007015028006    110                      00280023
2252157302531509309120060031031028008    220                      00200016
2252158302731706306091075028033002       010                      00120010
2252159302731407807080065030033009       239                      00150013
2252160302831218316206100039042070070030 290                      01190099
2252161302931307107095050035035010       139                      00100008
2252162303031505305080065029029001       119                      00070006
2252163203130307307078042004010006       112                      00110009
2252164206931513717181110006042070055003 120                      00850065
2252165207833017916208125012028100080043 120                      01520126
2252166208832009209116080006027035004    128                      00300024
2252167209634017515231130003016105080043 237                      01500125
2252168210931308508117070003009023003    112                      00220018
2252169212032306807077060005013001       010                      00130010
2252170213632517716246140004025115100032 220                      01670139
2252171214234509809127065005029030010    132                      00280023
2252172214231308608111055003038022003    112                      00200016
2252173314531714012150115045045070055001 377                      00810068
2252174314731813512169110050050065050003 350                      00720061
2252175215334705606077048002010001       118                      00070006
2252176220332613612192080003017049038006 222                      00600049
2252177225534607608100060006018014001    112                      00160013
2252178325831908908100060030034032001    267                      00190015
2252179227032806006084055004014003       112                      00090007
2252180228331405506078034004009002       119                      00060005
2252181228532312111150090001020055033001 112                      00540044
2252182230833721218280145003014115100055 230                      02350196
2252183235630707407094050002014013       110                      00130011
2252184235930707307101065004004011001    112                      00150012
2252185237231005806089035002010007       129                      00070005
2252186237531114813185080005014050034012 230                      00700057
2252187238330329423355180004038160140100 340     080              05370456
2252188238731205506077036007011001       129                      00060005
2252189240633706707088050004006002       010                      00110008
2252190241031415614202120004017070060020 120                      01130093
2252191241834723219286140006022120110075 230     043              02670225
2252192242332531524441150011045130120085 451     050              05050430
2252193242431013515180090008025060034007 120                      00660052
2252194246532716715195100010025065055015 120                      01070089
2252195247533605305075042004011001       019                      00060005
2252196248331506406088039006021004       010                      00090007
2252197249633024220304170006026130115070 340     050              03560300
2252198200135912512166115016036075044002 122                      00750061
2252199200136605906077038008019001       129                      00070006
2252200203537114613203120007025055046008 125                      01010084
2252201204036109309120090016043042008    112                      00350028
2252202204436209809122100002010045012    122                      00400033
2252203204435809608122095005049043008    112                      00390033
2252204205935212912142105021044070036    124                      00730060
2252205307137708708119085018029028003    137                      00240020
2252206213235711311137095007014048030    385                      00500040
2252207213635123019293140006028120110065 230     055              02650223
2252208213935710110133080003023035013    120                      00350028
2252209214138005606074043008022          119                      00070006
2252210216837711411149090005035050024    122                      00500040
2252211217038513212171110004018090060003 122                      00770063
2252212219935419117234115010030090080045 341                      01570130
2252213220637307209090060003021007       110                      00140011
2252214222137010910141085012018050034    110                      00420035
2252215222737913512188105002023070048008 220                      00770064
2252216223539412311157095006028060030002 120                      00590049
2252217224038806106082043005014003       010                      00080007
2252218224635523420269145013017135125070 240                      02800234
2252219224738518016218130012021095085038 260                      01580131
2252220228736614013187110005020070049007 230                      00850070
2252221229237005706075055004028001       019                      00090007
2252222229538714713215120002002085070010 182                      01000083
2252223229838205906076050005020001       019                      00090007
2252224229836510610145100003025046026    120                      00470039
2252225230837518616228140015044110100046 340                      01860156
2252226231636911411141100004041060022    110                      00550045
2252227234239807207088060005030010       110                      00150012
2252228234938813512164115002023075055003 120                      00840070
2252229235836314413210115006017070055007 220                      00940077
2252230237935405706081040002015002       119                      00070005
2252231238539414913201140003021110080013 120                      01240103
2252232240036415214190130007022095085014 220                      01180097
2252233241138724319307140004014110100070 350                      02870243
2252234245437627122342145009018130115085 350                      03620305
2252235249439108108108065007021021002    010                      00190016