10237 158010066      00110110350780909808000603302200010021104202302103126021017
10237 158010066      00210260241261416810501005006404520031203707206304134068057
10237 158010066      003104201114516191105007042069056     202709608004134089075
10237 158010066      004107401205607079055001028000000     104101000702118009006
10237 158010066      00510400410770910309501304102500010221003102802403730023019
10237 158010066      006108303009611124085002033039014     201603603103327033027
10237 158010066      007209600905608086046000015000000     095100900701815007005
10237 158010066      008110802009110124070006026029007     303702702402722026021
10237 158010066      009212502207110093055002008010000     104101701302118013009
10237 158010066      01011470090921012808000903203400910121203703102803126030024
10237 158010066      01111590410941011408000702403601110362274503202903126030025
10237 158010066      01211600150670809307501702900700010101003101701402924015012
10237 158010066      013120500906608091070010032005000     003101501302722014011
10237 158010066      014121104611312151085002025047028     202704804203327046037
10237 158010066      015223003605208068043003020000000     095100700601714006004
10237 158010066      016123404809611126075005016034012     203103202802924030024
10237 158010066      01712410261131214308000502504502710182202704503903126044036
10237 158010066      01812460121101212907500602804102310172203504103502924040032
10237 158010066      01910080881191319511000704706404210421303506805904335063053
10237 158010066      020102207307609097065014031016000     181101801602521018014
10237 158010066      021104208508309125080003031027001     371702602303126024019
10237 158010066      02210510530971112408501004004001510051103703703203327035028
10237 158010066      023106307306407077075009044003000     003101601402924014011
10237 158010066      024106509609911136090006039043018     203704003503529037031
10237 158010066      025107508506708086065004032006000     284101501202521014011
10237 158010066      02610820551061214509500504105002610291302704804203730045037
10237 158010066      027109309309811131080003030038015     303603403103126033027
10237 158010066      02910950501061214308500603004402310261303104303703327040033
10237 158010066      030211307206109084050000008000000     001101200902016009006
10237 158010066      03211380580610708506500701800000010342003101301002521011009
10237 158010066      033114007306107080060007020000000     004101201002319011008
10237 158010066      03411520590901011906500102602700620322303602402102521024019
10237 158010066      035115209606708089055000014005000     101701301002118012009
10237 158010066      03611710501161315210500402006003810112302706205504134055046
10237 158010066      037120205708510112080009038029002     103102702403126025020
10237 158010066      03812030911001114309000302904401910393203104103603529037031
10237 158010066      03912130941321418209000002205604210383302706805903529065053
10237 158010066      040123306508610102065001014024003     203602202002521022017
10237 158010066      04110091201171315811500506006604220421303106906104537064054
10237 158010066      04210091051441518411501505007606130432402710408604537096081
10237 158010066      04310221071261415311001004106704720422302407606604335070058
10237 158010066      04410431140981111808000303903801510461203603403103126034027
10237 158010066      04510501410620707306000203000100010682004101201002319011009
10237 158010066      04610591180600708407500604000000010441063101501102924012010
10237 158010066      04710771140770909707000503401800010481203102001802722019015
10237 158010066      04810911181101216709000904204902810471203604904203529046038
10237 158010066      04911121491161315309500303405403410741303505604903730053043
10237 158010066      050111611411913156085004022050033     302705304603327050041
10237 158010066      051113013108810105080005028031005     204302902603126027021
10237 158010066      05211381501101213009500603105202920742303105104503730047039
10237 158010066      053115913012113152090005018053036     402605805003529054044
10237 158010066      054117114613515163095006035060046     402707506403730072059
10237 158010066      05511801300871011407501102202900410561303402602302924025020
10237 158010066      05611901371141216309500803505303310551302705404803730051042
10237 158010066      05712111160830911007000502002400110581203402202002722022017
10237 158010066      05812121350750910207000603101600010571103101901702722018014
10237 158010066      05912301290780910307000503101900010611104102001802722019015
10237 158010066      060123910312714176090003024055039     601706305403529060049
10237 158010066      06112421401051212908000703504102110591202703903503126039031
10237 158010066      062100717808009089070003028021000     374102101902722020016
10237 158010066      063101715210211130095008040047022     302704503903730041034
10237 158010066      064103715408409102080006041028002     104302602303126025020
10237 158010066      065104018109711122100006038047017     203504303803932038032
10237 158010066      066104420014916161100001043067055     382709607903932092076
10237 158010066      067104817505907070060002028000000     274101100902319010008
10237 158010066      06810551551281415811000704506804910451302707906704335072061
10237 158010066      06910841980981111508500703204001610871203103703303327035028
10237 158010066      070109815608009099075004038023000     104102302002924022017
10237 158010066      071110517708510098085006031031003     103402902603327026021
10237 158010066      07211171690951110609500704004301410741103103903503730036029
10237 158010066      073111919009511111095006041043014     203703903503730036029
10237 158010066      07411251551221315109500104905603830522202706205303730060050
10237 158010066      07511331630901010309500204103900820742203103503103730032026
10237 158010066      076113618309110114070007035029007     204202702402722027021
10237 158010066      077316416806708080065001016000000     281101801402521011009
10237 158010066      07812021660931011907000302003100910791204302702502722027022
10237 158010066      07912141611091212009000603104802710781302704804103529045037
10237 158010066      080123015110612146085005037044023     303104303703327041033
10237 158010066      08112341931731818911000702507806910823972714211204335128108
10237 158010066      08212402001261413811000604606704710813673107606604335070059
10237 158010066      083101820307008104070003035010000     101501801502722016012
10237 158010066      08410262391721820911500804008207211041602714711604537134114
10237 158010066      085103322007709100090009042024000     103102602303529023018
10237 158010066      08610712280901012708000404403300710881203103002603126029023
10237 158010066      08710722181141213710000703705603410691302705705003932053044
10237 158010066      08810792380810910609500505003000010861203502902603730026022
10237 158010066      089110020711713137105006047060039     302706305604134059049
10237 158010066      09011012321011113909000303304402010912303404103703529039032
10237 158010066      09111082410931012509000504003901110902303103503203529033027
10237 158010066      092112521907108083065006030011000     104101601402521015012
10237 158010066      093113223309210106085008046036009     103403303003327032026
10237 158010066      094114321709410109085009035038012     103203403103327032026
10237 158010066      095114820608209105085008031028000     103502702403327024020
10237 158010066      096117521706407090065010027003000     104101401202521012010
10237 158010066      097117723606808092075005041009000     104101701502924016013
10237 158010066      098119223209010116085003040035007     203303102803327030024
10237 158010066      09911992141301416709500403305904311003502707006003730066055
10237 158010066      10032092170951112209501402804501020993283104303703730031025
10237 158010066      10112222271281416611000706006804911002302707906704335074062
10237 158010066      102124423012213151095002033056038     203406205303730058048
10237 158010066      103100329009110111080004041034008     203103002703126029024
10237 158010066      10410132541191314510500903206104010841303306505704134059049
10237 158010066      10610262871211315712000905207104811311202707706704738070059
10237 158010066      10710362621121214109500403505303111081303405304703730049041
10237 158010066      10810382841101212908500604704602611071203104604003327045037
10237 158010066      10910692700981112808500504004001611121103603703303327035029
10237 158010066      11010692971491618511000603407406011341302710608704335097081
10237 158010066      11110972911341415411000504907005311141302708607304335080068
10237 158010066      11210852801391514710500404006805321091243208807404134082069
10237 158010066      113109225814716172100004045067054     552309407803932090074
10237 158010066      11411152881101213610500604605703211111303105704904134052043
10237 158010066      11511102690991112110500605005002011161203204604104134042035
10237 158010066      11611262621591720212000905008307111151302713110704738120102
10237 158010066      117115226909611121085007041039014     203203603103327034028
10237 158010066      118115029314015165110009042071056     202709407804335086073
10237 158010066      119116925910712116095007047050027     203704804303730046038
10237 158010066      120118027309010115090004035037008     103103303003529031025
10237 158010066      12111823000961112709000904004101411391203103803303529035029
10237 158010066      122120127710411130100011045051025     203704804303932045037
10237 158010066      123120329208610110090007050033004     103103102803529029023
10237 158010066      124121325911513127085010040048030     303504904303327049039
10237 158010066      125122628810011136080008038039016     204503603203126035029
10237 158010066      12612422531071213411001605505803111281103105605004335051043
10237 158010066      12712482741461617413001205008607011282302712010005142107091
10237 158010066      12812502660981111910501404805001921272204104504104134041034
10237 158010066      129100431205907066070010031000000     104101301102722011009
10237 158010066      13010203361171313910500905506003921322303706305604134060050
10237 158010066      131103330111813147115007050067043     303407006104537064054
10237 158010066      13210343441571718011500405507906741512303312310004537114096
10237 158010066      13310513251741820511500704508207321343672715111804537139117
10237 158010066      13410573171101212407500304004102321333595104103502924041033
10237 158010066      135109034006407073055013026002000     101101201002118011009
10237 158010066      13611133040861010408500803803200311141104602902603327027022
10237 158010066      138111633911913143090010031052034     302705604903529053044
10237 158010066      13911653020961112409001003904101411211103503803303529035029
10237 158010066      140117232308309091075009026025001     373102402202924023018
10237 158010066      14111933390610708207000603300000011421004101401102722012009
10237 158010066      14211973280790910507500703102200011411103602302002924021017
10237 158010066      143120930807208085065012040012000     104101701402521016013
10237 158010066      14412193361241316408500702805103611461483705704903327055045
10237 158010066      145223131709111114075000007040009     101103602602924026020
10237 158010066      14612343410891011209001003603600711441303303303003529030025
10237 158010066      14710053691291416910000303806204511503303707306203932068057
10237 158010066      148100539405707072060010030000000     004101100802319009007
10237 158010066      15010203611401517611000904007105621473203209407804335086072
10237 158010066      15110303521461616112000504908006431323402511009204738101085
10237 158010066      15210523541551719912000504408206911321302712510204738113095
10237 158010066      153105739009410111090004031040012     103603603203529033027
10237 158010066      154108536512413147080005022048033     301705404603126053043
10237 158010066      155109339209711118075006030035013     201703202902924031025
10237 158010066      156111237709911127085010038041017     103403703303327036029
10237 158010066      157113539008910112065006024026005     281702402102521024019
10237 158010066      158114337807208091050006020009000     104101301102016013010
10237 158010066      159115335410111130070006023035015     303103202902722032025
10237 158010066      16011743611051213108000603204102111611203703903503126038031
10237 158010066      16111753780861011007000303002600311601103302402202722024019
10237 158010066      162120839106307072055003017001000     004101200902118011008
10237 158010066      163121536710612140085006030044023     483704303703327040033
