11087 225010125      001100801408109128105007070022000     103103302804134029024
11087 225010125      002103003607709115090005055015000     104102602303529023019
11087 225010125      003103003111312146120019060059029     103706705904738062052
11087 225010125      00410420471211314111500506506303510331203607406404537069058
11087 225010125      005106200408309108090009045021000     004402902603529027022
11087 225010125      00610840070530607308000703000000010083105101401003126010008
11087 225010125      007108804613414173140011085085055     203710909205545100086
11087 225010125      00810920061381518714000607008805910063303211609805545104089
11087 225010125      009109903807609104100012070015000     004102802403932025020
11087 225010125      010110002013414170135017060082053     203710508905343094081
11087 225010125      011111404705907082100023075000000     004101901503932015012
11087 225010125      012112000305907087085013045000000     004101601303327013010
11087 225010125      013112101405006073075008044000000     005101200802924009007
11087 225010125      014113002613014177140017070083052     203710408805545092079
11087 225010125      015113404613815186120012065075051     303710008404738092078
11087 225010125      016114103010211148120026075050018     103505604904738051043
11087 225010125      017114601607108097100015050009000     584102502103932021017
11087 225010125      018114901207008099095014055008000     004102402003730020016
11087 225010125      019116401309310129115020065039008     104104504004537041034
11087 225010125      020116800111613156125009060064033     143607406504940066056
11087 225010125      021117304205807089075020030000000     004101401102924011009
11087 225010125      022119604207809105085008055015000     184102502203327023019
11087 225010125      02312120481601719715000206510608110242303716713505948146126
11087 225010125      02412120420570706906000303500000010231005101100802319010007
11087 225010125      02512190032452634915002705013112010263702739227905948335290
11087 225010125      02612280101641721013503006509707510253373615712605343142122
11087 225010125      027100606013014170125006080074046     203709307904940086073
11087 225010125      02810090960921014211001307003600710291103704303904335039033
11087 225010125      02910160960891012209501004502800410281104103503103730032026
11087 225010125      03010230710700810108501605000700010311104102101803327018015
11087 225010125      03110280770861011310501507502800210301003103603304134033027
11087 225010125      032103608809611126100014055037009     104104203703932039032
11087 225010125      03310370560660809710501506000400010041004102302004134019016
11087 225010125      034104809409210132125013080041008     003504904404940043037
11087 225010125      03510490791031114811001606504701710361103105304604335049041
11087 225010125      03610600800640709309500404500200010351005102001703730016014
11087 225010125      037106107106207085090017060000000     185101801403529015012
11087 225010125      038106608812714185140007080081049     203709808405545089076
11087 225010125      039106906510311142140005065059022     203106705905545057049
11087 225010125      040107006913214160135009080081052     203510308805343094080
11087 225010125      041108505513314170115010065070045     104308907504537084071
11087 225010125      042108708007208090100012065010000     184102602203932022018
11087 225010125      043109109412313179120010060067038     203407906804738073062
11087 225010125      044109908114415196130014080085059     203711709805142109093
11087 225010125      045110806507709112115032080019000     104103302904537028024
11087 225010125      046111107008810129100013060029003     044103603203932033027
11087 225010125      047111805809110137100006065032005     104403803403932035029
11087 225010125      048111908207008099090015065007000     005102301903529020016
11087 225010125      049114406209911136105016070041013     104504604104134044036
11087 225010125      050115805014215186140014070090062     203712310205545110095
11087 225010125      05111920511171314211001905005703010521184406605804335061051
11087 225010125      05211970560620708708500904000000010511005101701403327014011
11087 225010125      053119809211513154125011070064032     103107306404940066056
11087 225010125      054120406811012146130022065062028     203607006105142062053
11087 225010125      055120905609010112120011070037006     004104404004738040033
11087 225010125      05612120711401516713000407008305610581103111109205142101087
11087 225010125      05712230810730810308002004300900010582395102101803126019015
11087 225010125      05812280721992125514500906011610020572302724818905746219189
11087 225010125      059124808717118214130011065096076     503616413005142150129
11087 225010125      060125005007609097095025050015000     104102702303730023019
11087 225010125      061102415017619220130015060098079     403717413705142158135
11087 225010125      06210401381791923313500506510208410631303618614605343169145
11087 225010125      06310491240840912410501706002600110621104103503004134031026
11087 225010125      064106513511012160120010055057026     184406505604738058049
11087 225010125      065110913209210123110013060036007     104104303904335038032
11087 225010125      06611121231631720415001007010708310671302717313805948153132
11087 225010125      06711251291561717614500709010107510661683215212505746139120
11087 225010125      068113111408510097100012060026001     084103403003932031025
11087 225010125      069113914915316194140012060096071     203714111605545126109
11087 225010125      07011691041531620012500406508506310721203712610404940117100
11087 225010125      071117712618119233140006050107088     603719915405545174150
11087 225010125      07211811030800911509000904001800010701104102702403529024020
11087 225010125      073119812706508077095013035003000     084102101703730016013
11087 225010125      07412041121641720912501006509007010751403614511604940135115
11087 225010125      07512101160851012010000506502600110741104103403003932031025
11087 225010125      07611121461341417811500604307004610982383109007604537082069
11087 225010125      07712301181591717615001107310508010781303716413405948145126
11087 225010125      07812421211461618712500907508205910771203311509604940108091
11087 225010125      079124714706908103085014060006000     004102001703327018015
11087 225010125      080100815608910132095006065028004     194103503103730033027
11087 225010125      081102018111813163115026050061032     203507006104537064054
11087 225010125      082103619015016186160019085108078     302715712806251138120
11087 225010125      083104415708910144095017055028004     154103503103730032027
11087 225010125      08410511641491618113001707008706310851143412510305142115098
11087 225010125      08510601661211316313002407507104010841103108307305142076065
11087 225010125      086107319014315191140017065091063     203712510405545111095
11087 225010125      08710821971161315413501908506903611101103208007005343073062
11087 225010125      088108517808910125125020080037005     104104604104940040034
11087 225010125      089108715817018234140020065103082     203717513905545157135
11087 225010125      090110117212413201140012075078046     303409408105545085073
11087 225010125      091113315305507090080009032000000     104101401003126010008
11087 225010125      09211451660750911209001204601300010931104102402203529022018
11087 225010125      09311541771181314711501305506103210921103707006104537064054
11087 225010125      094116319406708097075005027003000     104101701402924015012
11087 225010125      095118815215917200130015065091070     303714211605142130111
11087 225010125      096119217306407092065011032001000     004101401202521013010
11087 225010125      09712091600760911410001203501500010981104102802403932023019
11087 225010125      09812221531321419509500604005703620762354507206203730069057
11087 225010125      09912421530710811109001306000800011001084102301903529020016
11087 225010125      10012491571371517313001508008105410991203710709005142098084
11087 225010125      101102023309110134110022050035006     104604203704335037031
11087 225010125      10210482030891013710502405003100411031004103903504134034028
11087 225010125      10310512150891010810001005003000421042104303703303932033027
11087 225010125      10410542120590708105501302900000011032055101000802118010007
11087 225010125      105107423216117210140013065099076     303715712705545141121
11087 225010125      10611762150710810810000806000900011071004102502103932021018
11087 225010125      10711782080620708910003604900100011061004102001603932016013
11087 225010125      10810812320520607406000203500000011092195101000702319008006
11087 225010125      10910832421111214912501205506002811082104306906004940061051
11087 225010125      11010932041321419412501008507504820871104109508104940090076
11087 225010125      11110962191571718614000606009807411122203315012205545132114
11087 225010125      11211042241191318113001706506903811112103108107005142073062
11087 225010125      113111220018019213150014075114093     502721016405948187162
11087 225010125      11411572491451619713001006508506011421303711809905142108092
11087 225010125      115116822110411142085010040037014     104204103703327040033
11087 225010125      11611892130580707909001403000000011173285101701303529013010
11087 225010125      11711912151471619413000605008606221163303712210105142108092
11087 225010125      11811982231291416212001405507004411171203208807404738079067
11087 225010125      11912052501401518311500306007305021462303709808204537092077
11087 225010125      120120823705807075080015035000000     004101501103126012009
11087 225010125      121121220009511138105012048038009     104604303904134039032
11087 225010125      12212172450580708507500903500000011191004101401102924011009
11087 225010125      123124820317018230140005040103082     303717513905545151130
11087 225010125      12410102531571719913001205509106811251343713911305142125106
11087 225010125      12530262541001112010503103703001111241304105104404134038031
11087 225010125      126303028810912127075022022036019     104104303702924033026
11087 225010125      12710342860911011911502208003700611281104104403904537040034
11087 225010125      12810412860730809111003106501300011271004102902504335024020
11087 225010125      129104327808510118095021070024001     004703202903730030025
11087 225010125      130105225608810111085018038025003     004603102703327028023
11087 225010125      131105329507809100095015055017000     004102802503730025020
11087 225010125      13210602940720809109001605000900011341004102302003529020017
11087 225010125      133106527709410132110020065038009     103104404004335040034
11087 225010125      13410752920941012310501506503700811321003104203804134039033
11087 225010125      13510952971001112410001807004001311651103704504003932043036
11087 225010125      13611172741701822612001105008807021371303715011904738137116
11087 225010125      13711212631091213111001005505202311361403105805104335053045
11087 225010125      13811272761391517312502506507905321402203210508804940096082
11087 225010125      139113126305206066065016040000000     005101000702521008007
11087 225010125      14011322830750909507001904001000021382005101901702722018014
11087 225010125      14111352780560707107001803700000021401005101300902722010008
11087 225010125      14211382511601719814001408009907611141202215512605545142122
11087 225010125      14311512741411519812001806007705311411203710308604738096081
11087 225010125      144115426306107095070012029000000     005101401102722012009
11087 225010125      14511922641291416611001005106404021463303508006804335074062
11087 225010125      14611932571021112909500603304001431453304104503903730041034
11087 225010125      14711972610790909910001304701900021463004103002603932026021
11087 225010125      148122826315316210105009038072053     303710608704134099083
11087 225010125      149123328410311132100014046042016     103404804203932044037
11087 225010125      15010033420570707906001803100000011882045101100802319009007
11087 225010125      15110153320500606306501503500000011521005101000702521008006
11087 225010125      15210193400941012312501206504401021533004105004504940044038
11087 225010125      15310213400500606006501703800000011523005101000702521008006
11087 225010125      15410243021711819815000807511108811551402718915005948169146
11087 225010125      15510313071001112410001307004001311541104104504003932043036
11087 225010125      156103234712614148130012085074044     203109007805142084071
11087 225010125      157103433110411124130017080056021     103306205605142057049
11087 225010125      158105032005306073070026040000000     005101200802722009007
11087 225010125      159105233015116180140034075095069     302713911305545125108
11087 225010125      160105733813815177140012070088059     203111609805545104089
11087 225010125      161106831009611116115040060042011     004604804304537043036
11087 225010125      16210663270500607206501703900000011633005101000702521008006
11087 225010125      16311673301031111811001806004701711623204105304604335048040
11087 225010125      16410763451131214010001904905002411651103705604903932053044
11087 225010125      16510483481091214810001004604702111641103105304603932049041
11087 225010125      16610893050961112310001406003700921351203104203703932039032
11087 225010125      167109332406207081090012050000000     004101801403529015012
11087 225010125      16811013060670808209000606500400021651004102101703529018015
11087 225010125      16910983040590707107501205000000011681004101401102924012010
11087 225010125      170109932212914157110003065064040     103708006804335076064
11087 225010125      171112931506508083055011028001000     004101201002118012009
11087 225010125      172113132805306068060023035000000     004101000702319008006
11087 225010125      17311683030550707507500403300000011743005101301002924010008
11087 225010125      17411693030600707508000704400000021733004101601203126013010
11087 225010125      17511763080981112810001803303801121763003104303903932039032
11087 225010125      17611813091121214710001604804902311753303705604903932052044
11087 225010125      17712003420720810107501603600800011783004102001702924017014
11087 225010125      17812303430851010908002504702100111773044102702403126026021
11087 225010125      17912123350690809806001703000400011801005101401202319014011
11087 225010125      18012123240610707907001503700000021813005101401102722012010
11087 225010125      18112133211021114309001904803801311803003504203703529040033
11087 225010125      182122234912514166105024036059035     203707106204134066055
11087 225010125      18312243060530606706001303300000011842005101000702319008006
11087 225010125      18412283071211317711000704106003411432103707006204335064054
11087 225010125      185124534206708096060020035003000     085101401102319013010
11087 225010125      18610013890650808308501704500200011871005101901503327016013
11087 225010125      18710023731801922814001206510608711861502419615305545176151
11087 225010125      18810033540570707506002002800000011891005101100802319009007
11087 225010125      18910153531651820215001806010808411881402717714105948154133
11087 225010125      190111836310411135125021080054021     003106005404940055047
11087 225010125      191102938311212134115011075056027     003506405604537060051
11087 225010125      192104638010211149115015065048017     003105404704537049041
11087 225010125      193104935512213161135015080074042     103508807605343080069
11087 225010125      194105639511212134130037080064030     003407306405142066056
11087 225010125      19510713570510607706002003000000011961005101000702319008006
11087 225010125      19610733600700808810003606500800011951044102502103932021017
11087 225010125      197107638817118227160011070118094     302720216006251176153
11087 225010125      198109239008409102100052065025001     004103302903932030025
11087 225010125      19911003870630708907001603700100012021005101501202722013010
11087 225010125      200110339606808079080044055005000     005101801603126017014
11087 225010125      201110537208409112095025055023001     004403102803730029024
11087 225010125      20211123890830910409002006502100011991004302902603529028023
11087 225010125      203111336806107074080018050000000     104101601303126013011
11087 225010125      20411233970700809409001506000700012061004102301903529019016
11087 225010125      205112537206908090090021060006000     004102201803529019015
11087 225010125      20611283880991111910501606004101312041003704604104134043036
11087 225010125      207113238206708078100048065005000     003102301903932019016
11087 225010125      20811373590520607207001803800000012102085101100802722009007
11087 225010125      209113938007408104090037055012000     004102402103529022018
11087 225010125      21011413641201314411501606006203412082103707206304537067057
11087 225010125      21111473500690809909001805500600012141004102201803529019015
11087 225010125      21211483981161314509501206004902512131103405604903730055046
11087 225010125      21311493920600709606503704400000012121005101301002521011009
11087 225010125      21411523590640708906501804700100022153005101401202521013010
11087 225010125      21511563581151314910501505505302712143103306105404134057048
11087 225010125      216117137410512118085017047037015     004104203703327041033
11087 225010125      217117235406608087065013022002000     004101401202521013010
11087 225010125      21811793910530607206003904000000012192005101000702319008007
11087 225010125      21911803940981112412001506004601312182103705204704738046039
11087 225010125      220118237110912131100033055047021     003705304603932050042
11087 225010125      221118939209811119105033055040012     103204504104134042035
11087 225010125      222121235006708102065022028003000     004101501202521014011
11087 225010125      223114335306508081070011035002000     005101501302722014011
11087 225010125      224124739105306075065016035000000     004101100802521009007
11087 225010125      225125036809811123105021050040012     003304504104134041034