20838 148014164      00130250381051016011000902505501220021383105805104335044036
20838 148014164      00210300231311416112500504508405830031202511408904940083071
20838 148014164      00310320041351519712001504008205810021302711408904738085072
20838 148014164      00410430270770909708501004302500010021004103202403327022018
20838 148014164      00510700311491617012500505508906810072302513910904940109093
20838 148014164      00610830021241316412000704707805130092203210007804738073062
20838 148014164      00710850481982124713500606010608920052802723218605343206176
20838 148014164      00820980230931012111000102203500410092104105803904335041033
20838 148014164      00911090071912023614500508511309430102502723618905746208180
20838 148014164      01011240111421517513000806009106720092303113410505142103088
20838 148014164      01111290342042125013000205010308720102972123418905142210180
20838 148014164      01211500241661823713500308010108020112672417714005343148127
20838 148014164      01311410381521621312000108008606620122303113810804738115098
20838 148014164      01421750181451519813500104510007520161302714609605343116094
20838 148014164      01521870481021113810500202705001230171104106504204134047037
20838 148014164      01611950171371518912500808508606220181204112109504940096082
20838 148014164      01711980401621722212501708509207320372302715812504940135115
20838 148014164      01812080111731823913000708509807920161403318214405142158136
20838 148014164      01922210411661721913500003010508520382202618012005343145117
20838 148014164      02022270131201318612500202009504010181203510006504940075060
20838 148014164      02122460401301419213500701708605610401203712308005343093075
20838 148014164      022100109807308107075003044017000     005102601902924018015
20838 148014164      023202508512713171110000016085055     203509706304335071058
20838 148014164      02410400622052227513000704610308720011602723719005142210179
20838 148014164      02510480981361519412000306008205920441302411509004738089075
20838 148014164      02610500780820909909501104303500120241104104003003730027022
20838 148014164      02710650831321416011500305507705410282203610608304537081068
20838 148014164      02810830891371515712000405508205920293303211609104738090076
20838 148014164      02911001002012126014500508011409620283502725520405746229198
20838 148014164      03011060631731821313001108509807920311463718214405142158136
20838 148014164      03111210691221316113000505008305420322202310508205142075064
20838 148014164      03211360681251415012000206507805210312203610107904738076064
20838 148014164      03311570561631719211500405008506720342302714711604537123104
20838 148014164      03411700561031113710500305005802720332004106504904134046038
20838 148014164      03511700851641720513500906010007910362302717413805343141121
20838 148014164      03611740980901011412001004205401210352104105904404738038032
20838 148014164      03721970530901014009500101007003220172104104803103730033026
20838 148014164      03812140551131214711001205506603920192103507906104335058048
20838 148014164      03912320801551721212500606009107010411302714811604940119101
20838 148014164      04012390570650808707000703300500010211005101901402722013011
20838 148014164      04112470901251416711000605507204810391303209207304335070059
20838 148014164      04210031180640708409000605000500010441005102401703529016013
20838 148014164      04320151421241317512500102408505010631202310606904940079064
20838 148014164      04410301171862027512000406009307630251502718715004738167141
20838 148014164      04510431331081215311000306506403410461203107405604335053045
20838 148014164      04620511170961111910500101803501220461103405903904134041033
20838 148014164      047105314807709094095010044028000     174103602703730024019
20838 148014164      04810761271391517711500205507905820501483111509004537090076
20838 148014164      04910841130600707007000904600000030293005101601202722012009
20838 148014164      05010931291111214011000204306503720512203707705904335054046
20838 148014164      05110981430550707108001203600000030502205101501003126011008
20838 148014164      05211161481511620313000706509307120692403714711605142117100
20838 148014164      053113910018019250140003070107087     502720916505545177152
20838 148014164      05421491310810910008500102202300110551104103602403327025019
20838 148014164      05511681431571722013500306509907720541302716212805343130111
20838 148014164      05611881321261416811500406007505120582303409907604537074062
20838 148014164      05711991471321417412500705508405920591303111509004940086073
20838 148014164      05822051261591622213000101009008020592302716110805142126102
20838 148014164      05922171371201315011500003007004030582203109206004537069055
20838 148014164      06012271271371517712000906508205930591303111609104738091077
20838 148014164      06112401161361519813000707508906420621302612509805142096082
20838 148014164      06212471382022126115000105511809920611602726721305948230199
20838 148014164      06310281601571720412000805508806820642403714411404738118100
20838 148014164      06410311831391518211500204007905820632303211509004537088074
20838 148014164      06510481921932026015000607011709730642302724919805948214185
20838 148014164      06610651871381517412000006008306010652484311909204738092078
20838 148014164      06710731670931011511001304905301610681204105704404335039032
20838 148014164      06810791531101215311000504606503620671383507605804335054045
20838 148014164      06921171611761821015000002211510520522202721814705948179145
20838 148014164      07011211821511619714501306010408020713403616412905746126109
20838 148014164      07111372001731821012500205009407650703984117513904940147125
20838 148014164      072214415408710119090005019030005     104104302803529030023
20838 148014164      07321471741491519414500003609508520753382716210705746131107
20838 148014164      07411521950991112110000505505302230713274105804403932041034
20838 148014164      07521611761221317713500003107005030733203211107305343085068
20838 148014164      07621811741261317112000002407005010751203710406704738078063
20838 148014164      07721992000720808307000701201000010901104102401602722016013
20838 148014164      078120818413615175125008065085061     303412009404940092078
20838 148014164      079121116613014159125005050083058     303711308804940083070
20838 148014164      08010182360851011110000505504000420823105104503403932030025
20838 148014164      08110202132562734017001307014112340823972743735406654413361
20838 148014164      08210332271741821212500305509507630813973417614004940149127
20838 148014164      08310672191701822014500708010908720842503619715705746164141
20838 148014164      08410722371661822115000707011208920993603719715605948158136
20838 148014164      08511092212302430516000806013011230712902734728006251315274
20838 148014164      08611462081681821713501007010108130713953518114305343150128
20838 148014164      08711482291912023614000208010909020883703722818205545202174
20838 148014164      08811582371922022814500208511309410873603423819005746211182
20838 148014164      08911662021381520213500408509306710901384113410405343103088
20838 148014164      09021822081351416513000404009507030912203712608205142098079
20838 148014164      09121972161301420714000102809507030933103612708305545099079
20838 148014164      092120423811312163125007080075044     204109006904940065056
20838 148014164      09322072201201315011500001906503010913104109206004537068054
20838 148014164      094122420419521240135008065106088     603722718105343200172
20838 148014164      09512462372182325014000407011209621111673728022505545259223
20838 148014164      09610052952482635016000407013211411121642739031706251370322
20838 148014164      097101525807809106100010047031000     104603902903932025021
20838 148014164      09810402961701821413000406509807811141303417714005142149127
20838 148014164      09910622541932024513500005010508810843903222417805343193166
20838 148014164      10010642851261414509500104706204211141474308206303730064052
20838 148014164      10111002702022125113500505510608931033973324019205343213183
20838 148014164      10211072902022124715001805011809911012703726721305948228198
20838 148014164      10311142551581721712500206009107121013304615312004940124105
20838 148014164      10411402731942024513000306010108421051703721717305142192165
20838 148014164      10511622721331418612500304108406041061304311609104940085073
20838 148014164      10611792591401517012500407008706431083244112609904940099084
20838 148014164      10711802851151314112500805507704621083204209307104940065055
20838 148014164      10811972702182328214000505511209651063902728022505545254219
20838 148014164      10912132581551719614000107510207921082203516513005545132113
20838 148014164      11012132861061214209000705005102621082205105904503529044036
20838 148014164      11112312541181316712500706007804910951204309607504940069058
20838 148014164      11210123141551719713000306009407320961203215312105142122104
20838 148014164      11310323311872022513500306010408621291943721317005343183157
20838 148014164      11410573071441519413000306009106821001883713710805142106091
20838 148014164      115109733715817181120002055088068     383114611504738119101
20838 148014164      116111730912013139105012043066042     204708306404134061051
20838 148014164      117114034315717204130010060095074     483715612405142126107
20838 148014164      118114431610512134105002048059030     104606705104134047039
20838 148014164      11911743442122228415000707012010111202902728723105948258224
20838 148014164      12011803331071214211000305006303321192204107305604335051043
20838 148014164      12111983271301424711500605507705321242353110408104537078066
20838 148014164      12222163441241313711500502706803621252103709806304537073059
20838 148014164      12322183321031113309500101804001421242104306003903730042034
20838 148014164      12412223112432533114000406011509931232902133226705545319275
20838 148014164      12512343412022125515000608011809921462502726721305948237206
20838 148014164      12610093901561719814000706010207911273603216713205545131112
20838 148014164      12710103752302431317000104513811921263802736929806654324283
20838 148014164      12810283741751921815000907511409221272403521317005948176152
20838 148014164      12910323510770909810000504203000021132104203802803932024020
20838 148014164      13010453911251416212000605507805211281204410107904738074063
20838 148014164      13120733941781821914000001810008511322203720614005545168136
20838 148014164      13210773800580707008000204100000011312005101801203126012009
20838 148014164      13310843611922025014000505010909121341702723018305545196169
20838 148014164      13411053640931012810500806005001521361104105504204134038032
20838 148014164      13521083931581619313500102409507511362203716611105343132107
20838 148014164      13621103781011114010000003004001321352104306104003932044035
20838 148014164      13711233721131215112000406507204211381353108606604738062053
20838 148014164      13811403721211316112501306008005121392303410007804940073062
20838 148014164      13911503831401521312000606008306111382783712109504738094080
20838 148014164      14011833861641719515000607011108821413702719415305948155134
20838 148014164      14111923781451619713000407009206911403403113810905142108092
20838 148014164      142220235906208085052000017001000     105101300902017010007
20838 148014164      14312043981391517213000407009006611401303513010105142100085
20838 148014164      14412223750580707211001106000000011453005102401704335015013
20838 148014164      14512303791631721712500306009307331443903716012604940132113
20838 148014164      14612373631071215312000508006903641252304107906104738057048
20838 148014164      14722463550881010308500101903900011461104104102703327028022
20838 148014164      14812473830961113011000707005502011451104106104604335042035
