21045 244008052      002100700805206077060015030000000     004101000702319008006
21045 244008052      00310150220500606606501403300000010042104101000702521008006
21045 244008052      00410220180901012107500403302400610032203703702802924027022
21045 244008052      00510220370700808907501903700700010061183402401702924017013
21045 244008052      00610250490760910207500703701200020051303102802002924019015
21045 244008052      00710380230740810008000703601100010082203102802103126019016
21045 244008052      00810470320800910307500203001600010072403603002302924021017
21045 244008052      009104900206608098065000029003000     374101801302521013010
21045 244008052      010106601306608080060005023002000     153101701202319012010
21045 244008052      01110770441701821112000803808306510122602716313004738135114
21045 244008052      01210800320971113707500502702801110112305204203202924031025
21045 244008052      01310960040931013907000702502400810141103703602802722027022
21045 244008052      01411130050780911007500502101400010131183402902202924020016
21045 244008052      015111403605607079060010023000000     104101200802319009007
21045 244008052      016112804705807075060019033000000     104101300902319010008
21045 244008052      017113301211012152085011026040023     302705904503327043035
21045 244008052      01811590160820912807000101901600010191283402902202722021017
21045 244008052      01911610270851012208000503302100220202303103602703126025020
21045 244008052      02011720331101215608501603104002320192302705904503327044036
21045 244008052      02111780430660808908001904000300010201104102201603126015012
21045 244008052      022120000706107084060010027000000     103101401002319011008
21045 244008052      023121602207108098060006027006000     203701901402319015011
21045 244008052      024122405005306071046010017000000     204100800601815007005
21045 244008052      02510050560810909707502002901700010263203103102302924022017
21045 244008052      02610130610981112508000803203101320253303704603403126033027
21045 244008052      02710180921121212107500702903602110301203505304102924042034
21045 244008052      02810310620901012208000403402500630311203603903003126028023
21045 244008052      02910320840540607006500502400000010302104101200802521009007
21045 244008052      03010391001471620410000702506304730653702710908503932086072
21045 244008052      03110450680700810207001102800600020332203102201602722016012
21045 244008052      03210530890570707506000502600000010652104101300902319009007
21045 244008052      03310540630640709207501604200200010311103102001402924014011
21045 244008052      03410700770901012108001804002500610351203603903003126029023
21045 244008052      03510730850840912008001903602000110341103103502603126025020
21045 244008052      03610740640760910907501703801200010371203102802002924019015
21045 244008052      03710840670981113007000302302701110361203304003002722030024
21045 244008052      038109008405507081060020024000000     104101100802319009007
21045 244008052      039110007411312168110005047053032     302707906104335057048
21045 244008052      040111008207108104070005030007000     204102201702722016013
21045 244008052      041111505906307097070015024001000     103501801302722012010
21045 244008052      042111710005206068055005023000000     104100900602118007006
21045 244008052      04311280841491621010501503306705010443702711709104134093078
21045 244008052      04411320730520607706000302900000010433104101000702319008006
21045 244008052      04511480560840911907501303401900120472203303302502924024019
21045 244008052      04611500660700809707001503900600010452103102201602722016013
21045 244008052      04711590501151314008500303004202610452402706304803327048039
21045 244008052      04811610900921013509501804003200910491302504803703730034028
21045 244008052      04911720870780910908002004101500020502104103102303126022017
21045 244008052      05011810811281416509500703905303720513582708406503730065054
21045 244008052      05111830720620709906500403200000010503205101601202521012009
21045 244008052      05211910970660810005501002100200010872104101501102118012009
21045 244008052      053119205305907086060006024000000     103101301002319010008
21045 244008052      05412000620700810606000403400500010551103601901402319014011
21045 244008052      05512080690600708006501602600000010541103101501102521011008
21045 244008052      056123306209210134065004016022006     203703302502521025020
21045 244008052      05712380810901012009001103902800720583303104403303529031025
21045 244008052      05812400941201317009001702504703140943404107105503529054044
21045 244008052      05912470861251415812003305006504520582302610107904738074062
21045 244008052      060100111805306076060006022000000     154101100702319008006
21045 244008052      06110261270590707905000301700000010621283101100802016009007
21045 244008052      06210391300640708906000602000100020631103101601102319012009
21045 244008052      06310401370530607406001002700000020621103101100702319008006
21045 244008052      06410401450630709206000502700100010631103501601102319011009
21045 244008052      06510501031361518011001703806504730303342410608304335081068
21045 244008052      06610571410700809007001403200600010682103302201602722016012
21045 244008052      067105812307208092080009033009000     103302601903126018015
21045 244008052      06810591440630708107001502300100010662243101801302722012010
21045 244008052      06910631070680809007000903500400020652104102101502722015012
21045 244008052      07010731010520606406000602700000010691004101000702319008006
21045 244008052      071107313606708091065010033003000     103601901402521014011
21045 244008052      072108811706107080060006034000000     103201401002319011008
21045 244008052      073109810306908097065004031005000     273102001402521015011
21045 244008052      074110314705406081060008028000000     103101100802319008007
21045 244008052      075110411910111128075003031031014     303704503502924034027
21045 244008052      076112713205306074060011035000000     103101100702319008006
21045 244008052      077113210907208100070008030008000     103402301702722017013
21045 244008052      07811531230520607406501102800000010792104101100702521008006
21045 244008052      07911591101151315809500403204702910782302707005403730052042
21045 244008052      080116314706307084060006030001000     103401601102319012009
21045 244008052      08111681270961111408501103903101210831203104703603327034027
21045 244008052      08211721170800910308000603801700010842203103202403126023018
21045 244008052      08311761350941013608000403702801020852203704203203126031025
21045 244008052      08411801160600707907002204300000020822104101601202722012009
21045 244008052      08511841430640708305500202200100010832204101501002118011009
21045 244008052      08611861220820911307001002601600010841203102902202722021017
21045 244008052      08711881030560707606001603900000010522104101200802319009007
21045 244008052      088120712607709100080004028014000     203503002203126020016
21045 244008052      089120911206107077070013031000000     204101701202722012009
21045 244008052      09012221031211315910000502705303520943303708006203932059049
21045 244008052      09112311300650808207502203500200010922104102001502924014011
21045 244008052      09212321381171314810000803505103230912203107605903932056046
21045 244008052      09312351481161313910001002605003220922203707505803932054044
21045 244008052      09412411081771922213000803009107220583602718915005142153130
21045 244008052      09512431301131214410501804005103110921303307605804134054045
21045 244008052      09612461490520607006001002700000010931104101000702319008006
21045 244008052      097100518006007077055009019000000     104101300902118010007
21045 244008052      098100716208109113065008025015000     301702702002521020016
21045 244008052      099103917808510117090008027024002     203704103103529027022
21045 244008052      100104319305507074065007023000000     104101200802521009007
21045 244008052      101104916006007073060008026000000     103101401002319010008
21045 244008052      102105018206708093065010028003000     203101901402521014011
21045 244008052      103106019105707074048004013000000     204101000701915008006
21045 244008052      104107816308309116070006013017001     203703002202722021017
21045 244008052      10510861881081214209000402704102321061202706004603529043036
21045 244008052      10610871760680809606501303000400021072203102001402521014011
21045 244008052      10710941710760910507000403301100011062203402601902722018015
21045 244008052      10810981880540607605500402600000011051104101000702118008006
21045 244008052      10911171820630707606500703600100011111183101701202521012010
21045 244008052      11011172000600708506500603300000021111103101501102521011009
21045 244008052      11111211930911012408001004102600721101202604003003126029024
21045 244008052      11211271580740810707500303201000011132103702602002924018015
21045 244008052      11311291650640709106500703000100011122103101801202521013010
21045 244008052      114114017105507069060010031000000     104101100802319009007
21045 244008052      115114218508009103075009035016000     103403002302924022017
21045 244008052      11611731700630709006000503000100021181103101601102319012009
21045 244008052      11711771790530607405501102600000011161104101000702118008006
21045 244008052      11811801660530606706000802600000011161103101100702319008006
21045 244008052      119119019007008083060005032005000     103701901402319014011
21045 244008052      120120515805406073050003025000000     104100900702016008006
21045 244008052      12112211980700809506001202800500021583203101901402319014011
21045 244008052      122123019805206079055013024000000     104100900602118007006
21045 244008052      123123618407809107070005023013000     103702702002722019015
21045 244008052      124124819906608077055006016002000     103301501102118012009
21045 244008052      125100123205707081065008034000000     104101401002521010008
21045 244008052      12610062210971113908500103603201311282302704803703327034028
21045 244008052      127101320107809098070008029013000     203102702002722019015
21045 244008052      12810152150700811306500203400600011262203102101502521015012
21045 244008052      129101524407809099080010023015000     203303102303126021017
21045 244008052      13010332060830910808000603502000111311283503402603126024020
21045 244008052      13110352170820910707500704001800011301203103202402924023018
21045 244008052      13210372330891011607000102602100511331203203402602722025020
21045 244008052      13310532361031112908500502903601811321302705304003327038031
21045 244008052      134106720605406068049002017000000     204100900601916007006
21045 244008052      135107222006808092060002021004000     103401801302319013010
21045 244008052      136108020405707073055005025000000     154101200802118009007
21045 244008052      13710902180660808606500703000300011381153101801302521013010
21045 244008052      13811052050830910708000603102000111371103703402603126024019
21045 244008052      13911062330560708306000702400000011411204101200802319009007
21045 244008052      14011082040540607606500703400000021101103101200802521009007
21045 244008052      14111152320840911008000403102000131421203503502603126025020
21045 244008052      14211162410770910006500503101100011411103202501802521018014
21045 244008052      14311242290530607406501603500000011411104101200802521009007
21045 244008052      144112724605206067060016030000000     154101000702319008006
21045 244008052      145113323305607071060002033000000     204101200802319009007
21045 244008052      146114120509310131080003035027009     203104203203126030025
21045 244008052      14711442500520608106501003600000011791104101100702521008007
21045 244008052      148115023805406070055006027000000     104101000702118008006
21045 244008052      14911562081161313808500703504302711501302706404903327049040
21045 244008052      15011662170520607406000703100000011491204101000702319008006
21045 244008052      15111742481161315210500604005303321813302707906104134057047
21045 244008052      15211772360780910406500402701200011512204102501902521018014
21045 244008052      15311872100840911007000702301800111542103203102302722022018
21045 244008052      15411932200891012707500503502300511532203703702802924027021
21045 244008052      155119623505406067065014033000000     103101200802521009007
21045 244008052      156120422506207080060010034000000     103101501102319011009
21045 244008052      157121524005206074060010036000000     103101000702319008006
21045 244008052      15812172020730809404600602000600021213304101601201815013010
21045 244008052      159122223407008092060012032005000     103701901402319014011
21045 244008052      16012272070530607806000202700000021211103301100702319008006
21045 244008052      161123522206207091060014028000000     103101501102319011009
21045 244008052      162123224905106071045010022000000     004100700501814006005
21045 244008052      163101026105206071070018037000000     003101200802722009007
21045 244008052      16410302540550707505001602100000011651104101000702016008006
21045 244008052      16510442520560707805000902200000011641004101000702016008006
21045 244008052      166105026305006070050008022000000     005100800502016006005
21045 244008052      167105228611412165085010030042026     342706204803327047039
21045 244008052      168107025806608095070013025003000     273102001402722014011
21045 244008052      16910852620871012507000702902000321681202303302502722024019
21045 244008052      17010912960901012707500802602400611983202703702802924027021
21045 244008052      17110972730971113507501303202801111732302704203202924031025
21045 244008052      17211022980690810507500502400600011701203102301702924016012
21045 244008052      17311042690540608505501902500000011712004101000702118008006
21045 244008052      17411152500550708906000703400000011421004101100802319009007
21045 244008052      17511312910750909407500503601100011761103102702002924019015
21045 244008052      17611422880830911008000604102000121751102103402603126024020
21045 244008052      17711452650630709507000602800100011793004101801302722013010
21045 244008052      17811482970800911308000504001700031761102703202403126023018
21045 244008052      17911542601021114408000203303301631772303704903803126036029
21045 244008052      18011552720810910808001003801800031791282303302503126023019
21045 244008052      18111752531041116109000403703902011513303105704303529041034
21045 244008052      18211842990520607705000902900000011852105100900602016007005
21045 244008052      18311922551081213509000404404102311841302606004603529045037
21045 244008052      18411932680740809408000704001100021862104102802103126019016
21045 244008052      18511932950560708006001103800000011822104101200802319009007
21045 244008052      18611982781381518311000602806604811842302710908504335082069
21045 244008052      18710063471031114009501004504002011891203705904503730043035
21045 244008052      18810113080800911708000403701700011901203703202403126023018
21045 244008052      18910203391131213909500803804602821871302306805203730051042
21045 244008052      19010203110510607106501403000000011881004101000702521008006
21045 244008052      191103830606007078060005029000000     104101401002319010008
21045 244008052      19210373250720809907000503100800011932104102301702722017013
21045 244008052      19310403371151315208500404104202631922302706304803327049040
21045 244008052      19410463440730810208001505101000032102104102702003126019016
21045 244008052      195105031205106078065008026000000     004101000702521008006
21045 244008052      19610513300680809806500703000400021971104102001402521014011
21045 244008052      19710673361071213508500903403802111961302605604303327042034
21045 244008052      19810903020580709306500302100000011703104101401002521010008
21045 244008052      19910993360560707804100301500000012002255100800601613007005
21045 244008052      20011073340560707406000403600000021992002101200802319009007
21045 244008052      20111093420550707806001403500000012002003101100802319009007
21045 244008052      20211183030610708206000302400000011721104101401002319011008
21045 244008052      20311363420510607705000402300000012041104100800602016007005
21045 244008052      20411363320830910407500602901800122053203103202402924023018
21045 244008052      20511413270971112908500503203201322043302704803703327034028
21045 244008052      20611473050550707406500603300000021782104101200802521009007
21045 244008052      20711483190660808307000703800300022052104102001402722014011
21045 244008052      20811543310730810607000302800900012051303102401802722017013
21045 244008052      20911583000901011709000503502800711781202504403303529031025
21045 244008052      21011663250650809506000603700200012111104101601202319012010
21045 244008052      21111743270600708107001803800000012101003101601202722012009
21045 244008052      212117830806307085070017031001000     003101801302722013010
21045 244008052      21311803421091215509000703504102412392302706104703529045037
21045 244008052      21411843220640708307001502500100012151203101901302722013010
21045 244008052      21511903280550707405500102500000012141104101000702118008006
21045 244008052      21612043100851011108500403102300212172302703802903327026021
21045 244008052      21712063020570707806501203100000012162104101401002521010008
21045 244008052      21812123480881011607500603802200412191203503602702924026021
21045 244008052      21912193410530608106500302300000012181004101200802521008007
21045 244008052      220123732407308105060003022008000     201702001502319015012
21045 244008052      221100036611012149095009043044026     303406605003730048040
21045 244008052      22210403521001112809001003103601621941303105304103529038031
21045 244008052      223104237606608091075005036003000     203602101502924015012
21045 244008052      22410483640640707906001603500100012252104101601102319012009
21045 244008052      22510513850830910108000504202000132221303103402603126025020
21045 244008052      226106335406007072065005036000000     104101501102521011009
21045 244008052      227107337608209100070003031016000     202702902202722022017
21045 244008052      228107435705807076070001032000000     104101501102722011008
21045 244008052      229108236905206067065018030000000     003101100702521008006
21045 244008052      230108635506207078070004028000000     103101801302722012010
21045 244008052      231110837005306075055004030000000     104101000702118008006
21045 244008052      23211193960901011207500303602400612331203703702802924027022
21045 244008052      23311273850530607405001102600000012321105100900602016007006
21045 244008052      234114535806608097065009029003000     103501801302521013010
21045 244008052      23511653820800910506500402501400022363203102602002521019015
21045 244008052      23611653880570707806000302700000012353104101300902319009007
21045 244008052      23711713770780910406501003801200032402203402501902521019015
21045 244008052      23811733660650809706500503100200022372204101801302521013010
21045 244008052      23911793560650807606501002900200022132204101801302521013010
21045 244008052      24011833770700809206500802000600012372204102101502521015011
21045 244008052      241119339610211137100007036041020     302706104703932042035
21045 244008052      24211993521101214309000303504202412431302206204803529046038
21045 244008052      24312063630680809307001003600400012421104202101502722015012
21045 244008052      24412063790500607006001103400000012451004100900602319007006
21045 244008052      24512143760800911207500903801600012441203703002302924022017
