21635 148013123      001301204015215195120017027075065     502112610204738096080
21635 148013123      002102801014816193105007047073059     403711609004134094079
21635 148013123      00330520490951015708501002302501220051374103803303327028023
21635 148013123      004305800408308121100020027020008     103103603103932026021
21635 148013123      00510680401291415009500204605904410031403608506603730067055
21635 148013123      006109303714916202120004055084068     402713310404738106090
21635 148013123      007109401410211156110019040051026     103506705204335046038
21635 148013123      008110701808309111100002055028001     273104303203932029024
21635 148013123      00911150281291414111001505506905110121103709807604335075063
21635 148013123      010111700110011129095005040043020     003705604303730040033
21635 148013123      011112301208710127100018055033005     003104703503932032026
21635 148013123      01231280331081114113004004204302510091173107306205142055046
21635 148013123      01311470400951114210500703604301610151373105704304134038031
21635 148013123      01411600221992125212001503209708610131672720916704738183155
21635 148013123      01511670481391518208501703605604420141493108506603327071058
21635 148013123      016118604414015186120022050080063     372612109504738093079
21635 148013123      017120500412814166110017038068050     371709707504335072060
21635 148013123      018122103309511137080004040033012     251304303303126032026
21635 148013123      019124504707509090080003032014000     174102902203126019016
21635 148013123      020102006711412148090003033049032     204206605003529049041
21635 148013123      021103308913515176110010047071055     373110508104335081068
21635 148013123      022103607613915173125017050083065     383712509804940094080
21635 148013123      023105506514516195110011050075060     403611709204335094078
21635 148013123      024108806613615165120009055078060     202711509004738088075
21635 148013123      025109509808610103105005050033004     003404803604134032026
21635 148013123      02611110811401517513000504808706810271563213110305142098084
21635 148013123      02711200691621720413501906009908310261302717013505343138118
21635 148013123      028112005110912141100005047052031     203106805203932049041
21635 148013123      029113608512213148130025060077054     352610508205142076065
21635 148013123      030114006013314179085008035054041     553307906203327065053
21635 148013123      031117208514816198125006046087070     501713810804940106090
21635 148013123      032119406418920216125017050099087     572720016004940175149
21635 148013123      033112707408810115085004040029005     054104103103327028023
21635 148013123      03412200551811923314001405510909410353602721016705545175151
21635 148013123      03512340601421518410501004507105610343303410808504134087072
21635 148013123      036300414411211142105040055055040     272106305404134048040
21635 148013123      037101810710612142115009050057032     873607505804537052043
21635 148013123      038102512313915191110011047073057     403711008604335086072
21635 148013123      039104812012914158110006050069051     203609807604335074062
21635 148013123      040106810612714149100010055061045     353308706703932068056
21635 148013123      04110711301041112311001605005302810421103106905304335048041
21635 148013123      04210711401211316811001505006404520411273708806804335065055
21635 148013123      043108311615817201130022060094078     372715912505142127109
21635 148013123      04410861401641720711001806008106910421773514211204335122103
21635 148013123      045111514713815171120006055079062     203511909204738091077
21635 148013123      04611151241731821112000505509107810451572616813304738143122
21635 148013123      04711191030710808508001003601000010481014102601903126018014
21635 148013123      04811371051481620014002106009707930501302715412005545118101
21635 148013123      049113914513915161100008047066052     613110007803932080067
21635 148013123      05011501211261416710500603806404610481303709006904134067056
21635 148013123      05112021321371517311501804807505810522273711208704537086072
21635 148013123      05212061431211317112000604907004930512303209607404738069059
21635 148013123      053121410117018196110009039083071     471615011904335127107
21635 148013123      054124311617418217140017065107092     502719715705545164142
21635 148013123      05510091610851011108500304102600310361174503802903327027021
21635 148013123      05610121781061214709001505004502510551103105904503529044036
21635 148013123      05710321771481619814000406009707910581373515412005545118101
21635 148013123      05810521731661820114000805510408820602303718314605545147126
21635 148013123      05910641991531618010500204707406110621272612209604134101085
21635 148013123      06010641671361517012001005507806010582203111509004738088075
21635 148013123      06130811790550608208502902900000020621005101801303327010008
21635 148013123      06230881910830811708502102502000030611174103102603327022018
21635 148013123      06310931620851010307500203602300210651095103402602924024019
21635 148013123      06430991841041014012003705505002030651103106205404738048040
21635 148013123      06511021661882022815000606511810420641402723919105948201174
21635 148013123      06611101941331416511000805007005320641203310208004335079067
21635 148013123      06711391871882021414001705011109710681502722317805545188161
21635 148013123      068115919213014168120010055075056     353310808404738081068
21635 148013123      069116217711813172105010050060040     203708106304134060050
21635 148013123      070116615608510117075002040023002     194103402602924024019
21635 148013123      07111901811001113810500406004702210731173106204704134044037
21635 148013123      072119815815116182130009050091075     402714711605142115098
21635 148013123      073120718111312160110003048059038     413207906104335057048
21635 148013123      074121216109310124110006045043014     103105704404335038032
21635 148013123      075123717315416212100011041071059     553211709203932098082
21635 148013123      076102923313214172105003040067050     471709707604134074062
21635 148013123      07710312001431518214001505009507510781472714611505545109094
21635 148013123      07810392160891012110001003703500710771104104903703932032027
21635 148013123      079105121111412147085008033046030     413106204803327047039
21635 148013123      08010852321291417012000704207505510811303710708304738078066
21635 148013123      08110972431251416310500703606404610801363208806904134066055
21635 148013123      082110521212113149115008045067047     103709207104537067056
21635 148013123      083111720610111128090025043041020     104105404103529039032
21635 148013123      08411702321171314810500604505904010851203508006204134059049
21635 148013123      08511752101761922613001904210008610841302718714805142154131
21635 148013123      086121020812814166115003050071052     203610107804537075063
21635 148013123      08712182381501623512000604908406810883573513410604738107090
21635 148013123      08812182381261423511000605006704910073263509507304335071059
21635 148013123      08912282161081214411000305005603310901153107405604335052043
21635 148013123      09012302271051213311501605005603010891103107405604537051042
21635 148013123      091124520515416183130007050093076     202715212005142119102
21635 148013123      092300325609810118080015015020010     401403803303126028023
21635 148013123      09310352701751922111001104408407220952503515612404335135113
21635 148013123      09410452800780909208500303001900020931065103302503327022018
21635 148013123      09510492701461617311501504807906420932283712409704537098082
21635 148013123      096107525711312150085006033046029     394106104703327047038
21635 148013123      09710772821511619612000804708406910982203413610704738108091
21635 148013123      09810832701511619512500704008807210972772714111104940110093
21635 148013123      099110429811613148110012050061040     273608306404335060050
21635 148013123      100311128110911139110017022045020     103106305404335047039
21635 148013123      101112726208810112065002025022004     471203102302521023018
21635 148013123      102115828116918220125017040094080     373416913404940137117
21635 148013123      103116929416017201130006046095079     302716112705142128109
21635 148013123      104117525718820246130010055103090     402720716505142179153
21635 148013123      10512242651721822915000706011409721062527720916505948168145
21635 148013123      10612292781661823015501706011509811052582720316106050160138
21635 148013123      10712362551091214311000605005703411051184107505704335053044
21635 148013123      10810103041591720112000506008707311102362314811604738122103
21635 148013123      10910213391621718912500705009207711281462115812504940128109
21635 148013123      11010243041731820810000103307606511081773114011103932122102
21635 148013123      111106132113515163120006050078060     201711408904738086073
21635 148013123      11231023370660709007501201700000011371105102001602924012010
21635 148013123      11311153211121215211000306005903711143183107806104335057048
21635 148013123      11411273181361517811500105007505811133373711008604537085071
21635 148013123      115113330214616191110012042076061     683211909204335094079
21635 148013123      116114734917018199130007060098084     362317714005142147126
21635 148013123      117115233513214166130006065083062     303712009405142090076
21635 148013123      118116030512313162110012050065046     103409007004335068057
21635 148013123      11911753471491620612501405508707111431203713910904940109093
21635 148013123      120119032509811117105020044046020     373106004504134041034
21635 148013123      121119933914616183125016043086069     473413510504940103087
21635 148013123      12232103101141116611502502506003511232203107106004537053044
21635 148013123      12312153402092227413600704911210021222902725420405344227195
21635 148013123      12412363081251416210500505006404611231303108806904134067056
21635 148013123      125123932709811117105012045046020     103506004504134041034
21635 148013123      126100337713314158110006055070053     253410208004335080067
21635 148013123      127300435505706076080015015000000     005101801303126010008
21635 148013123      12810183571261417011501505007005111301303709907604537073061
21635 148013123      129103239214616194130013065089072     472714010905142109093
21635 148013123      13010333601361516813000805008506511281303712509805142093079
21635 148013123      131104937810812131120002048061035     273308006104738055046
21635 148013123      132105539012313150110006055065046     573109007004335068057
21635 148013123      133107435613414167125013047080062     393111809104940087075
21635 148013123      13410853981451617211000404307506011363674211709204335093077
21635 148013123      13510903550971113012501007005302211371103407005404940047040
21635 148013123      13610943931902025014001105511109711343672722718105545193166
21635 148013123      13711053531902022013001704810309021351972121116805142181155
21635 148013123      13812173681761919313500906510308911371203719415405343163140
21635 148013123      139113038513114163130012065082062     473411809205142088075
21635 148013123      140115039413414170120004065077059     473711308804738087074
21635 148013123      141116236711613158115006065064042     203308606704537063053
21635 148013123      142117238815016187135003065094077     673715111905343119102
21635 148013123      14311813580941011209000405503601211191194104803603529035029
21635 148013123      14411983851611719412000805008807411452973215011904738123104
21635 148013123      14512083701862025314000804611009611442872721817505545182157
21635 148013123      146123138106307083050013023001000     295101300902016010008
21635 148013123      147123339711613145100009050056037     171707505803932056046
21635 148013123      148124237812614152110008044067049     263109507304335070059
21635 148013123      12412363081251416210500505006404611231303108806904134067056
21635 148013123      125123932709811117105012045046020     103506004504134067056
