20237 178012128      001100100506207086090004048001000     273102301603529015012
20237 178012128      002100701911012151095006050054029     403606605003730049040
20237 178012128      003102100211412157105007060061036     103707705904134057048
20237 178012128      00410300381271417511500106507304910051283110007704537076064
20237 178012128      00510400281161317610000505505903510041543107505803932057047
20237 178012128      00610420090570707707000904800000010051094101501102722011008
20237 178012128      00710570050941013510500606004901510091103105604204134039033
20237 178012128      008105004416317246120020058086069     402515412104738128109
20237 178012128      00910680201401521013000605508706410071382713110305142099085
20237 178012128      010107403110512148120005055065031     103407705904738052044
20237 178012128      01110970151561719812500305508806910121572614911804940120102
20237 178012128      01211100041561721412000806508406610111973714311304738118100
20237 178012128      01311220461511620713000605009006920362983114711605142115098
20237 178012128      01411270141141216010501005506103620161103107705904134057048
20237 178012128      01531290340820811409502302302800520131204103402903730024020
20237 178012128      01611380021161316711500407006804110141273608606704537064054
20237 178012128      017115901815016198120014065083064     303613410604738109093
20237 178012128      018116003406508081080005037005000     104102201603126015012
20237 178012128      01911850231271418411000605507004710202304109607404335072061
20237 178012128      02011950141781924315000405511009120212672721917405948178154
20237 178012128      02112080001751922413500706509908110202502519215305343161138
20237 178012128      022121302609511126115002055055018     103106204704537042035
20237 178012128      02312290161061213810500006005702810241203606805304134049041
20237 178012128      024123503809811152100019041050019     203105704303932039033
20237 178012128      02512400050690809608001104201200010221215102501803126017014
20237 178012128      026100205213214187100000055065045     494109207203932074061
20237 178012128      027101609710211176095000060050022     283105804503730043035
20237 178012128      02810240781061214611000105006003020292473107205504335050042
20237 178012128      02910300891401520112000207008005920282473512109504738096081
20237 178012128      03010330601501621914000407009707410281602715712305545123105
20237 178012128      03110460861421519613000306008706520321302513410505142103088
20237 178012128      03210650771351516112000406007905620311343411408904738088074
20237 178012128      033107305307809101090006050027000     203103502603529024019
20237 178012128      03410820691211315610500704606404110321403708406504134063053
20237 178012128      03511080731071214910500905005802910131373406905404134049041
20237 178012128      036112009213214164120005060078054     301711008604738084071
20237 178012128      03711350501601720613000605509207310132302716112705142130111
20237 178012128      03810450721231316211000905506804420391203109007004335068057
20237 178012128      03931530881021011111003803807001330401283105604704335042035
20237 178012128      04011660971351519111501006007505420651303510908504537085071
20237 178012128      041117106718920262145007060108092     702723218605746197170
20237 178012128      04211920750810911709500704703200020442204103902903730026022
20237 178012128      04312000811161315511500405006804140421303608606704537062052
20237 178012128      04412050671311418912500706008105630462273311408904940085072
20237 178012128      04512130851091214211000605506203320431203107505704335053045
20237 178012128      04612150681531620713000406509007030442972415111805142120103
20237 178012128      04722330741021115510000400604301320481173106204003932043034
20237 178012128      04812360611421522013000304808706520471472713410505142101086
20237 178012128      049100412211312152110004055064036     303707906104335058048
20237 178012128      05010241301501620113500705509307220512403115111905343117100
20237 178012128      05110371191611721013000304409207420501503716312905142129110
20237 178012128      05210531261691823013000305509407620511403517613905142145123
20237 178012128      05310581310901013007000602803100610522394103402602722026020
20237 178012128      05410681431301417711000606007104910791383409907704335077064
20237 178012128      055108412210111143120008060062026     103707205504738049042
20237 178012128      056108710608710131105005060043006     083104903704134033027
20237 178012128      05710881461081213111000805506103220541373107405604335052044
20237 178012128      058310111707107093080033033011000     184102301803126015013
20237 178012128      059211513912613186125003037080060     103510907004940083067
20237 178012128      060111811711012152120010055068037     203108306404738058049
20237 178012128      06111301470630707608001105000200010621095102101403126014012
20237 178012128      062113313014716200120008065082062     472713110204738105089
20237 178012128      06311581380770911210002305502900020881083103802803932025020
20237 178012128      06411701351001112410000505005102110631173605904503932042035
20237 178012128      06511801081041114111000905505902810401103706905304335049041
20237 178012128      06611901501661822212001405508607020683542715712504738132111
20237 178012128      067119511810512123105013050057027     281106705104134047039
20237 178012128      06812011481131216312000606007004020662403108606604738062052
20237 178012128      06932121450750809009001802501300010681204102802303529019015
20237 178012128      070122612412313160100006042062040     481708206403932062052
20237 178012128      07110021801741827312000306008707210721472716913404738146124
20237 178012128      07210041541882027814000506010408820711972622317805545190163
20237 178012128      07310351941131215810000705505803320742283507205503932054045
20237 178012128      07410391951031115909000804604802220732203105604203529041034
20237 178012128      075104916605507074080020032000000     071101501003126010008
20237 178012128      07610481950760910709000905502400010741103103302403529023018
20237 178012128      07710711761411518313001706008706420801902713310405142101087
20237 178012128      0783076190111111541100210400720142077135310650550433504 041
20237 178012128      07910801520901012112000706005201120541474105904404738039033
20237 178012128      08010851691501619911500306007906130771383112910104537105089
20237 178012128      081110515812413174120007055075049     203410007804738074063
20237 178012128      08211101720720809808500704001700010831104102802003327019016
20237 178012128      08311181860760910209000705002400020821103103302403529022018
20237 178012128      084112516010311133105008050056025     203506504904134046038
20237 178012128      085112719807709095100006050029000     273103802803932025020
20237 178012128      086115015105106072075007045000000     094101200802924009007
20237 178012128      08711551801711824313000504309407720892772717814205142146124
20237 178012128      08811651521261416511000306006904620631373309507304335072060
20237 178012128      08911691731451619712000905508206120872303112710104738100085
20237 178012128      09011701911161314312000704707104320891373409007004738063053
20237 178012128      09112031621151316211500705506804020661203408506604537061051
20237 178012128      09212081860680809508500304601100020931014102601903327017014
20237 178012128      09312211790851012609301305003600320921084104203203630029023
20237 178012128      09412371751852022813500705010008420931502720916705343177151
20237 178012128      09512411501091216011001105506203310941203507505704335053045
20237 178012128      09610032441241315512000905507504921211353110007804738074063
20237 178012128      09710052251111214410500505506003320981103707405704134054045
20237 178012128      09830252030971014212002302307001030731753105604804738041034
20237 178012128      09910332281631722713000706009307421001742716613105142136116
20237 178012128      10010492240780911309000804002700010991194103502603529023019
20237 178012128      10110692041071214009500905005202710781203706304803730046038
20237 178012128      10210802351041113512000405006403011041203107605804738051044
20237 178012128      10310892101031114910000506005302421041173106204703932045038
20237 178012128      10410932251231317512000406007404831021203509807704738073062
20237 178012128      10511072491431519311500505507805811081372712009404537095080
20237 178012128      10611092091531620711500606008006221041302713310504537110093
20237 178012128      107111423405607063070009034000000     095101401002722010008
20237 178012128      10811192480810911511000105003800021051104104503404335029024
20237 178012128      10911362481161316112000406507104321102473109007004738065055
20237 178012128      11021422381171314213000200707002021092472310006505142074059
20237 178012128      11111432191131216010000805005803321101373207205503932053045
20237 178012128      112116223114015179135011050090066     201713610705343101087
20237 178012128      11311972371641720113500505009607721152302717413805343139120
20237 178012128      11412062011361519211500605007605421161573111008604537085071
20237 178012128      11512072431051214510501005005702721131103106705104134047039
20237 178012128      11612072041171315911001005006604021141103708406504335061051
20237 178012128      11712232031211317011500605007004521161203309207104537067057
20237 178012128      11812322221401516710000504606704911171373710107903932081068
20237 178012128      11912432090750909209000403002300011181103103202403529021017
20237 178012128      12030032850870911608501202603500511221595103302803327024019
20237 178012128      12110052601621723016001205511409110961782720216006251155135
20237 178012128      12220212791431520312000001207205221201203112608304738096077
20237 178012128      12310322971121211409501104805503111221103706705203730051042
20237 178012128      12430602751051014012002504407001411262483106405504738048040
20237 178012128      12510692501311415712000906007705411262203410908504738083070
20237 178012128      12610712651421518411000504207405541252402711308904335089075
20237 178012128      12710782871241314411000704506904521291203609107204335068057
20237 178012128      12830892680530607007001602000000011261104101501002722008006
20237 178012128      12910932861091213410501006005903121271203307105504134052043
20237 178012128      13011282721701823913000906009407721311602717714005142147126
20237 178012128      13111312931341418412000206507805621301303311308804738087074
20237 178012128      13211572620740810308000804701900011331204102802103126020016
20237 178012128      13311582781501620312000305008306421343682313410604738107090
20237 178012128      13411642881491619211501506507906111333472712810004537105088
20237 178012128      13511972881551719613000805009107121531502715312105142120103
20237 178012128      136221426913014155115001019064044     103110506804537078063
20237 178012128      13712222901571721112500706508806911351403215011904940123104
20237 178012128      13812272501001113210002006005102121391283405904503932042035
20237 178012128      13912382581031111707500703804001821381395104703502924036029
20237 178012128      14012402731271416611000405507004721391402709607404335072061
20237 178012128      14110163131922023611002105508207011423502718014404335166140
20237 178012128      14210223301371517210000605006604821413553509707603932078065
20237 178012128      14320643501011111410000301304001311631103106104003932043034
20237 178012128      14410903301711820411000605008006511452572115112004335131110
20237 178012128      14511043411521618111000505507605931442683312709904335104088
20237 178012128      14611193051341419511001006007205131473683310308004335082069
20237 178012128      14711223231841924212000405008907531463702718514804738161137
20237 178012128      14811493201771922311000604508106711471972716012704335139116
20237 178012128      14931703420720709808502202201100011501104102602003327017014
20237 178012128      15011843492142226012500404609608431733902724319504940223190
20237 178012128      151118930707108080080003042015000     104102601903126018014
20237 178012128      15211953270961113111000605005301811501283306104604335041034
20237 178012128      15312073051311417512000706507705411352403210908504738083071
20237 178012128      15412283161741822712500706009107511371872717614004940151128
20237 178012128      15512263470961112210000204804901611563104105504203932038032
20237 178012128      15612333421431517211000805507405521553473711409004335092078
20237 178012128      15710073561221315511000904606804411581303708906904335066056
20237 178012128      15810203660670808907000403600800021601174102001502722014011
20237 178012128      15910353811161314610000404305903511601513207505803932055046
20237 178012128      16010393611451619710500504107105431611702711108804134089074
20237 178012128      16110583731521618511500706008006221622982513210404537108092
20237 178012128      16210723781091214911000606006203311612703107505704335054045
20237 178012128      16310733590941012208500404304001221431395104503403327033027
20237 178012128      16410973601351519411000305007205121653603710508104335081068
20237 178012128      16511023760911011609000507004000921643253104503403529033028
20237 178012128      16611023981451618911002105507505611651473111709204335094079
20237 178012128      167112339709110125110017065049011     203105504204335038032
20237 178012128      16811243780871012109000605003700511691203204203203529029024
20237 178012128      16911353671071214410000905505502811681553706605103932048040
20237 178012128      170114937611613158090003060053032     503206805203529053044
20237 178012128      17111703801251416010500306006604311731683708806904134068057
20237 178012128      17211743910670808807000504500800011712195102001502722015012
20237 178012128      17311753611101213610500205006003221503473207205604134052044
20237 178012128      174120039016417201120003055086069     802715512204738129110
20237 178012128      175121639611613137125005055074044     603109407304940066056
20237 178012128      17612273981201316410500205006404021771403108306404134062052
20237 178012128      17712273831231316311500805507104611761403709407404537070059