21785 130017294      001100704116217231195018105142115     573624619507662191168
21785 130017294      002101502415817212195060135140112     103623818707662186164
21785 130017294      003101904812914161170048125107074     194115111706654111097
21785 130017294      004102801121222275200032130162142     402738230807864341302
21785 130017294      005103602512313155140014105085055     095111509005545086074
21785 130017294      006104504815917240170030100123098     973720916506654165144
21785 130017294      007105402118319226190018125146124     303529123007461244215
21785 130017294      00810590331531620817001209512009410101694219715506654152133
21785 130017294      009106801021222300180014105145128     603734427707058308270
21785 130017294      01010820441381517310001007506604920081595109907703932083069
21785 130017294      01110880392262428823001511518916910101402748539109074424378
21785 130017294      012109102105907081070048060000000     095101501102722012009
21785 130017294      013109300014215204155016095105078     304216012606050122106
21785 130017294      014114503705907074060020043000000     095101301002319010008
21785 130017294      015117504914816189160014090111085     203717613806251135117
21785 130017294      01631970310750808709502005001300010173195102902503730020017
21785 130017294      01711990291631722218003310513110610163483423018207058182160
21785 130017294      018120904522524299180007095148132     902737830407058342300
21785 130017294      019121003511012149135030090073039     195109307205343066056
21785 130017294      020121103107308118105005075018000     095103602604134024020
21785 130017294      021122500420421281185006100148129     502733326807259289255
21785 130017294      022123001817018216175008115130107     303523818906856196171
21785 130017294      023102205919420235200010105157135     502733426607864279247
21785 130017294      02410730961741823419504013514712210251483527521807662227200
21785 130017294      02510800802202330021002511017215210241782742634208267374331
21785 130017294      026109106519921267210040120166144     582536529208267308273
21785 130017294      027109909108510114120013105040003     095105404104738037031
21785 130017294      028111005710812137155040095082042     104410407906050070061
21785 130017294      02911260851982130020001410515813710301403434427607864290256
21785 130017294      03011320702002126716501609513111410291803728923106453254221
21785 130017294      03111470831001113211501207505402210321195206805204537048040
21785 130017294      03211610771761921617001707512810710311473724519406654196171
21785 130017294      033117505714015205155009090104077     203315712206050118102
21785 130017294      034124607816117211160012095116093     401720015806251161140
21785 130017294      035101111521022282180010100145127     403734027207058300263
21785 130017294      036103712607509099110040075022000     095104003004335026021
21785 130017294      037104414420421255175013110140122     353731525406856281246
21785 130017294      038105811416117205150009080109088     324218814905948151130
21785 130017294      039107012019821251185014130146127     353731825507259281246
21785 130017294      04010841492352532421001810517515720421703647338008267424375
21785 130017294      041108613218620253210014140162138     573432826308267274242
21785 130017294      04210961321862027519003710514712520432503429623807461246216
21785 130017294      04311041232422530220002007516815110422703747038007864421373
21785 130017294      044111310319420283210055115165142     503335127908267292259
21785 130017294      045112813013014166120045070076053     374210808404738083070
21785 130017294      046114611021523293200032085162143     403739231407864335295
21785 130017294      047118112118820231180018100140119     482728622907058240210
21785 130017294      04811981471721823317002011012710510491503723618706654195171
21785 130017294      04912031351511622415000709510508210481474417013405948135117
21785 130017294      050321211807608104080027029014001     275102602103126017014
21785 130017294      051121914911813143125011080073045     114109607504940071060
21785 130017294      052124813019721264180027100142123     502730824707058264231
21785 130017294      053100515420121264220026120175152     503738731008670326290
21785 130017294      054101319014415171170045100116088     395117914106654135118
21785 130017294      05530291631461417719008510508507010562303218415207461148124
21785 130017294      05610311691001113310502506005002010552495106204704134044037
21785 130017294      05710741581811923520003009515312910581473230023807864240212
21785 130017294      05810801662382528821001614017515810571582748138908267450398
21785 130017294      059108219308910130130055100049009     095106404805142043036
21785 130017294      060112917915817186195060120140112     203723818707662184161
21785 130017294      061113818721022265190014145153135     303335928707461327288
21785 130017294      062316317619719269205050110145135     902235927308066281235
21785 130017294      063117818011312134125008105069040     195109006904940068058
21785 130017294      064118215015116206140020105098076     374315812505545130112
21785 130017294      06511921932242329718500913015213510851772738531107259360317
21785 130017294      066121318117819228160004110121102     253723418606251200173
21785 130017294      067324915315015202190090115135125     373319615807461156130
21785 130017294      068100220328630375220017120191177     902767154808670660587
21785 130017294      069101023321222290200011120162142     303738230807864338299
21785 130017294      07010672142222331120002509516414620721402741233007864361320
21785 130017294      07110732071271416713500808008405710701495111709005343087074
21785 130017294      07210752221361518812000709007905710701295111509004738093079
21785 130017294      073108221410411142160010115080038     095110107706251069060
21785 130017294      074108423517719217195055135148124     203528322407662234206
21785 130017294      075108524822624285200017105165147     482742234007864378333
21785 130017294      076108924414015187145010095097072     495114611505746113097
21785 130017294      07711062151841922920001314015413110791202730824607864260229
21785 130017294      078110923216718225190038130140115     283425320007461203178
21785 130017294      07911162111511618716001012511208710771195118114206251146127
21785 130017294      08011382471651822118502809013611110831403724119107259186163
21785 130017294      081113920217619213185010110140117     503626621107259217190
21785 130017294      082115322115016184195044150136106     143321817207662171150
21785 130017294      08311542352032125520001211015913920801713135828607864307271
21785 130017294      08411632182282432920001612016514810851972742834607864390345
21785 130017294      08511862072452634021001912017716020841502750440708267467413
21785 130017294      08612052201511620618004511012609810851203620316007058157137
21785 130017294      08712252471201316117003813510106411002094113410406654097085
21785 130017294      08812372411841922418500712514212111002283728522807259242213
21785 130017294      08910022521862023019001311514712520691503529623807461248218
21785 130017294      090102027226427337210020140180164     972756546008267554492
21785 130017294      091105128114516184175027120120091     103418614706856143124
21785 130017294      092105626916918206185012120137113     383725019807259202177
21785 130017294      09310582931501621218001413512609811071204420215807058159139
21785 130017294      09431272540690707806003804701400010801225101701302319012009
21785 130017294      095113629207509103115025090023000     195104103104537027023
21785 130017294      096116328820321261180014120143125     303532225707058287252
21785 130017294      097117525423124277195009125161145     502742734307662395349
21785 130017294      098120225216818216165025100122100     303622117506453180156
21785 130017294      09912202731231315516005011509706311011195213110206251096083
21785 130017294      10032302541031013111002604403502520872975105704804335043036
21785 130017294      101123927324025297205017120171155     602747638508066441390
21785 130017294      10210073271021114610001507504902111031195106104703932045038
21785 130017294      10310113141922025018002210014112121042404429523607058251220
21785 130017294      10410233132692837221501811018516911032702759648408469569505
21785 130017294      10510543121381518517504012011608511061204317313506856129113
21785 130017294      10610633211791922617001109512910921051503525019906654208181
21785 130017294      10710683022282430420002010516514811061402742834607864385340
21785 130017294      10811203062352531220001111016615021101302745036207864410362
21785 130017294      109112733714015191165009100110082     295316713006453125109
21785 130017294      11011293171171314712501509507204421081195109507404940071060
21785 130017294      11111323051481619914503511010007721081295316012505746129111
21785 130017294      112114233723024319205006125170152     402744535908066407360
21785 130017294      113314430806807073095060060000000     295102602103730017014
21785 130017294      114116530727228356215012120185170     602760649208469588522
21785 130017294      115116833720722249205040130164144     503537930308066331292
21785 130017294      11611993122382529122001210018416511171482750440708670449399
21785 130017294      11712083032292428718001811514913311161664338931307058362318
21785 130017294      11810203702132228719001909515413611191302736729507461320282
21785 130017294      11910243821661821915501809011409311181303520316106050166143
21785 130017294      120104237119821257190045090150130     203632726207461275242
21785 130017294      121107337716518203180020100132108     471723418507058185161
21785 130017294      122111438323525293195017115162146     603743935307662404356
21785 130017294      123112836525827317220016130187171     602657246408670542482
21785 130017294      12411483812973139022001911019317911251582771358308670706627
21785 130017294      12511523721581719617502312012610011241404321416806856170148
21785 130017294      126118436123324295200020090166149     972744435807864396351
21785 130017294      127120735009310117090020070037010     095104703603529035029
21785 130017294      128321837815415193150080090100070     403616213105948128107
21785 130017294      129114339323224301210018120174156     402746237408267420372
21785 130017294      130124935111813148120017070070043     371609207204738068057
21785 130017294      10610633211791922617001109512910921051503525019906654208181
21785 130017294      10710683022282430420002010516514811061402742834607864385340
21785 130017294      10811203062352531220001111016615021101302745036207864410362
21785 130017294      109112733714015191165009100110082     295316713006453125109
21785 130017294      11011293171171314712501509507204421081195109507404940071060
21785 130017294      11111323051481619914503511010007721081295316012505746129111
21785 130017294      112114233723024319205006125170152     402744535908066407360
21785 130017294      113314430806807073095060060000000     295102602103730017014
21785 130017294      114116530727228356215012120185170     602760649208469588522
21785 130017294      115116833720722249205040130164144     503537930308066331292
21785 130017294      11611993122382529122001210018416511171482750440708670449399
21785 130017294      11712083032292428718001811514913311161664338931307058362318
21785 130017294      11810203702132228719001909515413611191302736729507461320282
21785 130017294      11910243821661821915501809011409311181303520316106050166143
21785 130017294      120104237119821257190045090150130     203632726207461275242
21785 130017294      121107337716518203180020100132108     471723418507058185161
21785 130017294      122111438323525293195017115162146     603743935307662404356
21785 130017294      123112836525827317220016130187171     602657246408670542482
21785 130017294      12411483812973139022001911019317911251582771358308670706627
21785 130017294      12511523721581719617502312012610011241404321416806870706627