40751 203012175      00110210171091614311001807006002910031204306405404335053042
40751 203012175      00210300411101615811001306506003010031294106505504335054043
40751 203012175      00310420282032928414004207511009430041602724819205545211172
40751 203012175      00410580351231818211001908006704120031404107906604335068054
40751 203012175      005107202208212129105018090033000     104103703004134031025
40751 203012175      006111003212218159120030080073043     403708507104738071057
40751 203012175      007214900419815251150003008112090     302728720706247214183
40751 203012175      008118701414121186105016080071050     473509707904134086068
40751 203012175      009220404409610109090005015040001     105405103703728035028
40751 203012175      01012140131452117612500709008506210111303612009904940104084
40751 203012175      01112310131121715311002108006203120122204106705604335057045
40751 203012175      01222480171781425014500101811509010112302723216705945173147
40751 203012175      01310150931001513011001609005301910143265305504604335047037
40751 203012175      01410160931071615312001708506402920133204306705604738056045
40751 203012175      015101706210015137105023070051018     204505304404134044034
40751 203012175      016304709012412169150070070100060     403410809005948085072
40751 203012175      01710710931432119014004109509506810182303713210805545110090
40751 203012175      01820730890680808606500500900000020193105102001502720013010
40751 203012175      01930740880910910910007508505600110183503104203603932031026
40751 203012175      02030740691761720617005508013011010211402623818506654183154
40751 203012175      02110810511452122112502108008506210201303712009904940102082
40751 203012175      022310408407608084100045060014000     695103202603932022018
40751 203012175      023111806916724223130008080095075     583716113005142138112
40751 203012175      02421500861651323114500303311009010253303720414605945153130
40751 203012175      02521530861571321914000402911009020243303118213005743135113
40751 203012175      026115905521231269140009080111097     402726720605545230187
40751 203012175      02721690911321216813500902209506010252104713109505542094078
40751 203012175      028118505517526241140045085104085     582718915105545160130
40751 203012175      029120208109414139095011070042011     325104303603730036028
40751 203012175      030320306916916258150022060125100     602319415305948149125
40751 203012175      031121409214121188130014080087062     303712009805142099080
40751 203012175      032124705213019157120015065077050     304609507904738079063
40751 203012175      03310021380641008908502007000300010341105102001503327016012
40751 203012175      03410061241962824113001807010108620331602721616905142185150
40751 203012175      03510101001061614810502608005502420142104105804904134050039
40751 203012175      036211014806208092048004008002000     015101200902015009007
40751 203012175      037202712705908076050006009000000     105101200902116008006
40751 203012175      03830331160560607909506506500100010393195102101403730011009
40751 203012175      039103811107912109105025080029000     105103502804134028022
40751 203012175      040104414308513118110045085039002     205604203404335034027
40751 203012175      04110501051522221713001608009106820421303713711105142115093
40751 203012175      04210681101422118913006010008806220433203212109905142104084
40751 203012175      04310681151161715211002507506403520423304107205904335060048
40751 203012175      04410741352443531716002308013211910471602739529806251334276
40751 203012175      045107810012418171125060095077047     303109107604940078063
40751 203012175      046308312509209129110055075045002     405104704004335035029
40751 203012175      04730871270680709110007007000600020482305102702203932018015
40751 203012175      04811021400911411412003010004901020472105105004204738042033
40751 203012175      04931081071011014612007508005001320472395106005204738046038
40751 203012175      050311010608108108100060060017001     695103502903932025021
40751 203012175      05111131431151716712002209506903710522104107706504738065052
40751 203012175      05211151450981512812005509005701810512394105804904738048038
40751 203012175      05311191111332016512001109007805210561304110008204738085068
40751 203012175      054312912915715218150080080120100     803216813505948130110
40751 203012175      055113113307011098085021075012000     495102301803327019015
40751 203012175      05631341151831723417008008012010530531502725719906654197167
40751 203012175      05731491231401420713506508009007010561903212210005343094079
40751 203012175      058315914809910137125070085046012     404306005104940046038
40751 203012175      059117513719128243135023085104087     603721316705343184150
40751 203012175      060117912016124224120024095086067     463513911304738124099
40751 203012175      061220212317814241160002032130111     302725618406650195166
40751 203012175      06232121481201212913501207506503510632404109207705343071059
40751 203012175      06332151482452329317002507512010510622902345932806654331280
40751 203012175      064322310911611165140055075070034     503109007605545070059
40751 203012175      06522391342271623917000704914012010663302740829407053326281
40751 203012175      06612431471181813512001808007104010653304108006704738067053
40751 203012175      06710181731972926815002707011709910681602725119705948207169
40751 203012175      06810331701001514811501608005602030671104105804804537047038
40751 203012175      06910421891402119713001209008706110681164211809605142099080
40751 203012175      07010471742073028115003509011810220671502727521305948234193
40751 203012175      071305418910310118125070070040017     304106505504940050042
40751 203012175      072107319216023206170033095122094     303619615806654160132
40751 203012175      073107519511717175090008070053029     395105905003529053041
40751 203012175      07410901671632420614003608510107910771253416713405545140114
40751 203012175      075109715608313101120024105039001     104104303604738036028
40751 203012175      07610981981342018414003710509106111081203111809705545099080
40751 203012175      07711031651592320714002508510007710741303716012905545134109
40751 203012175      07811171771131717512003509006803531083104107406204738062050
40751 203012175      079111916306310086100022090002000     115102201703932018014
40751 203012175      080112318512118151130019095078046     453409107505142076061
40751 203012175      081112417212018164130017100078045     203109007505142075061
40751 203012175      08211371941402117414001809009406630833573112710405545105085
40751 203012175      08311371961442121413001708008906430823473712410105142104084
40751 203012175      084113817014421211150030100102073     303714311705948119097
40751 203012175      08521491891231116212000401508003520822474310307404937073060
40751 203012175      086317115007207095080018035004000     295102401903126016013
40751 203012175      087117919511317142120015090068035     204307406204738062050
40751 203012175      08822001830560806805001002200000010891005101100802116008006
40751 203012175      08922011651501321414500302310508530901203717412605945128107
40751 203012175      09012151722123125113501208510709320891303725819805343226183
40751 203012175      09112271931462119212502608008606211211304412310004940104084
40751 203012175      09230072451201217913003004507503910932574108807405142068057
40751 203012175      09310112371352018611503108507505120961504309808104537085067
40751 203012175      09410162041001513911503508005602010952204405804804537047038
40751 203012175      09510162070691109409002507501100010942155102301903529019015
40751 203012175      09610212281482218112003709008306120931303712009804738105084
40751 203012175      09710442461572319012003308008506520983404713310804738116093
40751 203012175      09810462221812623713001008009808130993403118714805142161131
40751 203012175      09910492211672421914501309510608410983402718014505746153125
40751 203012175      10010642381121715312001108006703411011284207306104738060048
40751 203012175      10110662481191816311005507506503721001284107506304335063050
40751 203012175      10210722170801210009001308002600011031195103102503529026020
40751 203012175      10310742180661007909501307500600011021095102301803730019014
40751 203012175      10410872181652422313506009009807711051353516513205343140114
40751 203012175      10510962380981512310500708505001621072104105004304134043034
40751 203012175      10610992360751210708500606001900011073105102602103327021016
40751 203012175      10711012392463530816001308013211931063872740230106251339281
40751 203012175      10811042021752625116004108511909720781502721617306251177145
40751 203012175      10921052380520807005500701900000011073105101000802317007005
40751 203012175      110312223408709134115048048040010     304104503804537033027
40751 203012175      11131262230670710709503506500500121122284102602003730016014
40751 203012175      11311322320671009108500807000700011143195102101703327018014
40751 203012175      11411332291782624314002007510508631133303719515505545163133
40751 203012175      11511492381201816612001509007204221142304208307004738070056
40751 203012175      116115023709915135095008075046016     205104703903730040031
40751 203012175      117116521213520188140027090092062     403711909805545098080
40751 203012175      11811802291221816315003909009105411201303310708905948086070
40751 203012175      11911982411111714712002109006703311202204207206004738060048
40751 203012175      12022032192711939218000002315013551212402758342307456462400
40751 203012175      12122142061041013311500602005501121202104107505404736051042
40751 203012175      12232162381141117812505005006002521233604107806504940060050
40751 203012175      12322182380730908307000901700500021223105102501802922017013
40751 203012175      124123924514021167100016075067047     204609107403932081063
40751 203012175      12530042681401417714005007010007521261552112610405545098082
40751 203012175      12610092730951413108000706503601031282295103703003126033025
40751 203012175      12710112820721110810002808001700031283104102802303932023018
40751 203012175      12820142790730909506000701501100021273105102101602519015011
40751 203012175      12910162980801209608001206502300011303295102702203126024018
40751 203012175      13010162961802622912001807009107421293603717013604738148119
40751 203012175      131102025615623200130055100092070     463714311605142124101
40751 203012175      13210402992113127915002507011910311523602728521905948236193
40751 203012175      13310542611662422313004809009507511342303416012905142138112
40751 203012175      13410562610721108511000909001900011332104103102504335025020
40751 203012175      135106427815923185140008100100077     303716012905545136111
40751 203012175      136106627707812103100008090026000     195103202703932027021
40751 203012175      13710672600941411210501108004601211011104104704004134039031
40751 203012175      138108228514221200130010075088062     313512109905142100081
40751 203012175      13931592840890913413006507002700621401304105204405142039033
40751 203012175      14031612951751724715007508010006561422552220716205948158133
40751 203012175      14121632641471220212500203308505531441103714510505139107090
40751 203012175      14221682871031013709000701604501231402104105804103728040032
40751 203012175      14311732751271918512002509007504721421104109107604738078062
40751 203012175      14421752561351215513500003310005511411203513609905542099083
40751 203012175      14511832821111714112001309006703311461104107206004738060048
40751 203012175      14621912681741423016000902813011011451202724617806650186158
40751 203012175      147122227606210088080010070001000     194101701303126015011
40751 203012175      14812302860771212209002006502200011491104102902303529024018
40751 203012175      14912422761332018010001806006504311481303708306803932071056
40751 203012175      15010293361752624512502407009307611511403716913504940144115
40751 203012175      15120453391021010909500701203501421533104406004303929041033
40751 203012175      15220463101171114610500701205002011323204308406004333058047
40751 203012175      15310503391171715709504006505603111513374106305203730055043
40751 203012175      154106631508012109085014070025000     204102902403327025019
40751 203012175      15510853300991513910004506004801611571204504904103932041032
40751 203012175      15620993170640807906000702200300021573105101601202519011009
40751 203012175      15721013231491219613000202310007521563203715511205340113095
40751 203012175      15811043161442118411004407007505431572303110508604335091072
40751 203012175      15921043030830909906500701903500011581374102902102720020016
40751 203012175      160211534706008077047006008001000     375101100801915008006
40751 203012175      16121333170680807706500701800800021633175102001502720014010
40751 203012175      16221423160790910206000701501800121633195102401702519017013
40751 203012175      16321443082131632416000601413011031623302734625006650263226
40751 203012175      16411513101271917914004808508805521633204110608805545087070
40751 203012175      16511553030851311910001707003500221642295103803103932031024
40751 203012175      166316932509810168125080080050012     404605905104940045038
40751 203012175      167217330606108075045009012000000     125101100801814008006
40751 203012175      168320731012612171130050070070037     453609608105142075063
40751 203012175      16912213361321920011002109007104711703503109007504335079063
40751 203012175      17012223341332019412002309007805211693303710008204738085068
40751 203012175      17112243180791209911002409003000011721105103603004335030024
40751 203012175      17212253011662422414004808010208121711302717213905545144117
40751 203012175      173123433013019153115019070073048     503509107604537077061
40751 203012175      174301036116015222140050070100080     703416213005545125105
40751 203012175      17510183800621007708502107000100011763195101801403327015011
40751 203012175      17610193811281917610001806506304021753204307706403932067052
40751 203012175      17720313741361218211000701407005011783203711208004534080066
40751 203012175      17810313790731110909002405501700021773205102602103529021016
40751 203012175      179106238413320203100025055065043     303608306803932071055
40751 203012175      18010633700891312008002605503100511813295103302703126028022
40751 203012175      18110633710611008107002605500000010803395101501102722013009
40751 203012175      182308737105006069070044045000000     105101400802722007005
40751 203012175      183309139922922236190015070110090     832244832707461330279
40751 203012175      184211039106708084055006009001000     105101701202317011009
40751 203012175      18531123570800811208503104802000511871595102902503327021017
40751 203012175      18631133590981012612006507005001411881304105604904738043036
40751 203012175      18731163641241214913006006007004021882404509407805142073061
40751 203012175      18831183601191217013006006007004021872404108707305142067056
40751 203012175      18931723991581517117002607012008511922703419215506654151128
40751 203012175      19021853730500807403500801200000011913295100600501411005003
40751 203012175      19121893720911011208501202503000231903105604403203526030024
40751 203012175      19231903821331316313004907008004031892304110708805142082069
40751 203012175      193319135106907089070040043004000     395102001502722013011
40751 203012175      19421933650700908306501703500900021913005102101602720015011
40751 203012175      19522063791101114811500402005502541973104708306004736057046
40751 203012175      196320736113513166135045060060045     703111309505343088074
40751 203012175      19722153890660808205501402700300031983105101601202317012009
40751 203012175      19822163910710910906001102001000021973105102001402519014011
40751 203012175      19912193840631008609504408000200021972195102101603730017013
40751 203012175      20022313991841425617000204414012011981302728720707053223191
40751 203012175      20112313571542319413002209009206912021413113911305142119096
40751 203012175      20232373752001928516002707010010022042554728821806251215182
40751 203012175      203323937206407075070050055000000     395101801302722011009
40751 203012175      20432463831831723817001007013011022022802225719906654197167