50658 146013150      001100201109215156100050070046016     205104403504031036027
50658 146013150      002102504406311097070022055002000     075101601202822013010
50658 146013150      003102801114122188125025065087071     473411409005039094074
50658 146013150      004105504609615150105034070052023     101605004004233040031
50658 146013150      00510660160891414009501806004101110071181604003103829032024
50658 146013150      006108504807112114080015065015000     094102201803225018014
50658 146013150      00710890101031616510503607005703310051104105704504233046036
50658 146013150      008109103008714129105030080043009     181404203404233034026
50658 146013150      009111400214923189125016065089074     402712409905039105083
50658 146013150      01011110102383535014003407511510420111902730723205643285232
50658 146013150      01111340001161818112003307507305210101204307806404837064051
50658 146013150      012116600219629286145049070114101     401722917705845200162
50658 146013150      013120701509615157135050075067030     104306505105442049039
50658 146013150      01412300332283430016505008513512210151771733725606651300247
50658 146013150      01532460481051216411003706504001510141294105805104335044036
50658 146013150      016324700315317257170030065110090     671518014606654140117
50658 146013150      01710170860911514410004007004501510191105104303504031035027
50658 146013150      018102705811819182100015060062045     401606705404031056043
50658 146013150      01910290811822727215001907011610110171702720916206047178145
50658 146013150      02010720671502322013003207009307810211302713110405240110088
50658 146013150      02110740851121816711003007006504410201294106805504434055043
50658 146013150      023109908007412118095024070023000     084102902303829023017
50658 146013150      02411060830711209509504007001700030261094102702103829021016
50658 146013150      025111306908914129110025080048013     104104603604434037029
50658 146013150      02611180901141814709503206505703910471184306104803829052040
50658 146013150      02711380821031615610003707005403110281424205404304031044034
50658 146013150      02811500711492321612003407008607120271302711909504837102081
50658 146013150      02911580972193329015003408512210910312503728521906047258211
50658 146013150      03011780811272019111004507007205510311204508406704434071055
50658 146013150      03111810961922929317005509013311820292502725820106853222183
50658 146013150      03211990661582421714504808510609010331202716012605845135109
50658 146013150      03312060541432219912005008008406910321404311208904837096076
50658 146013150      034123208412920173140048080093072     203710908805643089071
50658 146013150      035123406015824196160065100117099     203717613906450148121
50658 146013150      036124009811017165120047085070046     104407205804837059047
50658 146013150      037100614716625246150044090112096     202717914106047153125
50658 146013150      038101613717026225150034095113098     503618614606047161131
50658 146013150      039301510311613243130030065065040     531108307005142063052
50658 146013150      040105014220330258160032080127113     502726720606450234192
50658 146013150      041105510315424222140045075102085     501714711605643123099
50658 146013150      042107710910717159115015085065041     204206605304636054042
50658 146013150      043108014210316131115022080062036     204106204904636050039
50658 146013150      04410831031522323014002608010108510451303514411305643121098
50658 146013150      04510961041372118614005008509607720472204212009705643100081
50658 146013150      046110513319129263145025085113100     502721917005845193157
50658 146013150      04711101071752725314502008011009620452402718914805845162131
50658 146013150      04811271180961516610505007005202310471204205004004233040031
50658 146013150      049112914210116160120045085064035     103306205004837050039
50658 146013150      050115212915223217135019080097082     273713910905442118095
50658 146013150      051116612205910104080060065000000     095101601203225013010
50658 146013150      052116514612219183110040075070052     103607806304434066052
50658 146013150      05312101211382121113006007008907210541503111309105240094075
50658 146013150      05412131331502321911004507507906610531404511108804434098077
50658 146013150      055121510013120190135029090090070     203410808605442090072
50658 146013150      056122011316425232140050090104089     502716412905643142115
50658 146013150      057124614815824227145065100106090     303716012605845137112
50658 146013150      058103215110116180120045095064035     104206205004837051040
50658 146013150      059104217313020192130057085086067     203710308205240086068
50658 146013150      060107518212920187125055085083064     303609807905039082065
50658 146013150      06110931901802726713503607510409120621303218414405442162130
50658 146013150      06211001981782723515503910511910310611302720816306248183149
50658 146013150      06311181591792725715003209511510010641402720315906047178145
50658 146013150      06411361771522323113003108009407910631302713410505240115092
50658 146013150      065113815307312119105035090023000     104103202404233025019
50658 146013150      06611451550891414410501007304601210653104104403504233035027
50658 146013150      06711541901081715811504907506604220681104206705404636054042
50658 146013150      06811671891452220513003708009207620671303712409905240105084
50658 146013150      069218718306007080045003011004000     005301000801814008006
50658 146013150      07011941901912926114001206511009720712503721116405643183148
50658 146013150      07112071852153226615001807512110810702502727621206047246201
50658 146013150      072122617108013143095030075031000     105103302703829027020
50658 146013150      073123316608614118105065095042007     095104103304233034026
50658 146013150      074223619906307084055005027004000     004101401002317011008
50658 146013150      075124017919529257150045070118104     562123418206047203165
50658 146013150      076100221026539350170030090143130     602744933506853413343
50658 146013150      077102122614422197115035080081066     203610808604636095075
50658 146013150      07810412351201917013504008008506210791103409307605442075060
50658 146013150      07910682181973028014504809011410110781402723117805845207168
50658 146013150      08010952111462221014003810509908210621203313410605643116094
50658 146013150      081110621611418175140049090084058     204109007105643071057
50658 146013150      082112620315323227145040085105088     302715111905845127103
50658 146013150      08321272260530707704000201800100010841095100700601612006004
50658 146013150      08431282281601825713003607008507010831572115112105142113093
50658 146013150      085116924823735330155018075128115     502733825606248305250
50658 146013150      08612092461932928515001707511810410871302723017906047200163
50658 146013150      08712262361662525814004409510509010861302716713205643146119
50658 146013150      088324022410712182125032042045020     303106905904940052043
50658 146013150      089224223807608116085006027015005     104103102003526021017
50658 146013150      090324822014416249150027065090060     302314311705948109091
50658 146013150      09120192710500707203400402000000010921095100500401411005004
50658 146013150      09210292731752725014500203111009610911303718914805845151121
50658 146013150      093103729516525232145055105108093     302317113505845150122
50658 146013150      09410672841952927915506010012210811091403724218806248216178
50658 146013150      095106825012620179115018075075057     504708606904636072057
50658 146013150      096207928105607093050013021005000     195101000802116008006
50658 146013150      097208725707508105050001010013004     104501801202116013011
50658 146013150      09811232851752726014006508010709310991403718214305643158127
50658 146013150      09911392801622523216005510511910120981272218214406450156128
50658 146013150      100114126311218172120075100071048     203607406004837062049
50658 146013150      10111582881973028016004009012611211161302725419706450223182
50658 146013150      102117528110717169115035075065041     203506605304636053042
50658 146013150      103119729507513112080050065020000     195102501903225020015
50658 146013150      104123026113621190130055075089071     303711108805240092073
50658 146013150      105101731621432287160042085129115     402729322406450260213
50658 146013150      10610463131001615211005509505803011081105105604504434047037
50658 146013150      107105633411919185140050120087063     103109507705643080064
50658 146013150      10810673171572423715005010511009321091403516212906047140114
50658 146013150      10910773021682626217005509512811011081302720716306853173142
50658 146013150      110208531706207090050012020008000     105101300902116009007
50658 146013150      111109534717326222145045080110095     202718614505845159129
50658 146013150      112110531414422213135065080095078     204512710105442106085
50658 146013150      113311934111212195135075100060035     373108106905343062052
50658 146013150      114112832516826247155060085116100     202718914906248159129
50658 146013150      115114432712720182140030085092070     203110608505643086069
50658 146013150      11611493091402220615006010010408411011303413510706047112090
50658 146013150      117116131510717163120050080068042     304106805504837055043
50658 146013150      118117031107112107105050090019000     195102902304233023018
50658 146013150      119117932809215121115060090053019     104505104004636041032
50658 146013150      12011993371262019312002707507805911211203709007204837075059
50658 146013150      12112063211221917212504608008005921201303208907105039073058
50658 146013150      12212163041932927015504108512210811211402723718406248208170
50658 146013150      12312283441151818213004407507905511251203408306805240067053
50658 146013150      124323030209310144135050085040010     374105805005343044037
50658 146013150      12512423441432221113001107509107511231302712109605240101081
50658 146013150      12610053511332120214004706509407411281203211509205643092073
50658 146013150      127101839808814116120055105051012     284204904004837040031
50658 146013150      12810193561422223014004809509808011261203712910205643108087
50658 146013150      12930443661902127114006508009508021301673122817505545167139
50658 146013150      13030473551381520512005507507506511291473110408604738080066
50658 146013150      13110623681111816814506009508505711291204608807105845070056
50658 146013150      13230873841381521315502908508507011331373113511206050105088
50658 146013150      13311063722103130517001608013612221341502730123106853261216
50658 146013150      13411153832003025319002410015113421331302531023907659266221
50658 146013150      135311639606107145085055065010007     395102001503327012010
50658 146013150      13631333581551723217002107510008511372572118515006654143120
50658 146013150      13721393600780811607000602001800911362295102701802922019015
50658 146013150      13811423751402220311504109008006511401395210408204636091072
50658 146013150      139214938707008105055010018008003     195101701202317013010
50658 146013150      14011543682193332018003408014613131381702734226307256296244
50658 146013150      14111713801101715913005508507605011401204407806205240062050
50658 146013150      142317839505506086046000009004000     105101000701815006005
50658 146013150      143119535515924230140039080103087     402715512305643132107
50658 146013150      144121236910817166115050080066042     104406705404636054043
50658 146013150      14522243530750811807001102401300811231104102501602922018014
50658 146013150      146224236208608111085008023030008     104103802503526027022
50658 146013150      147124339713721190125036075086069     203310808605039090072